version: 1
creator: callgrind-3.11.0
pid: 18217
cmd:  /home/masha/labs/lab6/infofile log.linux.txt
part: 1


desc: I1 cache: 
desc: D1 cache: 
desc: LL cache: 

desc: Timerange: Basic block 0 - 43954
desc: Trigger: Program termination

positions: line
events: Ir
summary: 205028


ob=(1) /lib/x86_64-linux-gnu/ld-2.23.so
fl=(30) /build/glibc-t3gR2i/glibc-2.23/elf/dl-debug.c
fn=(92) _dl_debug_state
74 2

fn=(88) _dl_debug_initialize
50 8
+5 6
+5 2
-1 1
+1 2
+1 2
-1 1
+4 1
-13 4
+4 8
+4 1
-1 1
-58 4

fl=(27) /build/glibc-t3gR2i/glibc-2.23/string/../sysdeps/x86_64/multiarch/../memset.S
fn=(74) memset
53 13
+1 13
+1 13
+1 13
+1 13
+2 13
+1 13
+1 11
+1 11
+15 2
+1 2
+1 2
+1 2
+1 2
+1 2
+1 2
+1 2
+1 2
+1 2
+1 2
+1 2
+1 2
+1 4
+3 2
+1 2
+1 2
+1 2
+1 2
+1 2
+1 2
-6 34
+1 34
+1 34
+1 34
+1 34
+1 34
+1 34
+1 2
+3 11
+1 11
+1 11
+1 4
+1 4
+1 2
+1 2
+3 2
+1 2
+1 2
+1 2
+2 2
+1 2
+1 2
+2 7
+1 7
+1 7

fl=(42) /build/glibc-t3gR2i/glibc-2.23/elf/dl-cache.c
fn=(140) _dl_load_cache_lookup
185 9
+8 2
+3 3
+51 2
+9 1
+6 2
-6 4
+6 1
cfi=(24) /build/glibc-t3gR2i/glibc-2.23/io/../sysdeps/unix/syscall-template.S
cfn=(68) access
calls=1 84 
* 9
+19 1
-19 1
+19 126
cfn=(144) _dl_cache_libcmp
calls=8 138 
* 585
* 39
-15 4
+15 23
cfn=(144)
calls=1 138 
* 71
* 5
cfn=(144)
calls=1 138 
* 144
* 9
-82 4
cfi=(34) /build/glibc-t3gR2i/glibc-2.23/elf/dl-misc.c
cfn=(142) _dl_sysdep_read_whole_file
calls=1 45 
* 94
+8 1
-8 1
+8 4
+1 4
cfi=(14) /build/glibc-t3gR2i/glibc-2.23/string/../sysdeps/x86_64/multiarch/../memcmp.S
cfn=(30) bcmp
calls=1 24 
* 38
* 2
+7 1
-3 1
+3 3
+3 1
+1 2
-1 1
+1 1
+1 4
cfi=(14)
cfn=(30)
calls=1 24 
* 32
* 2
+61 31
+16 2
+4 2
+8 3
cfi=(11) /build/glibc-t3gR2i/glibc-2.23/string/../sysdeps/x86_64/strlen.S
cfn=(22) strlen
calls=1 66 
* 34
* 2
+1 1
-1 4
+1 2
cfi=(18) /build/glibc-t3gR2i/glibc-2.23/string/../sysdeps/x86_64/multiarch/../memcpy.S
cfn=(46) memcpy
calls=1 61 
* 91
+1 2
cfi=(29) /build/glibc-t3gR2i/glibc-2.23/string/strdup.c
cfn=(82) strdup
calls=1 40 
* 109
+1 8
-31 9

fn=(204) _dl_unload_cache
322 4
-1 1
+3 2
cfi=(38) /build/glibc-t3gR2i/glibc-2.23/misc/../sysdeps/unix/syscall-template.S
cfn=(206) munmap
calls=1 84 
* 5
+1 1
+2 2

fn=(144)
138 30
+1 24
+2 108
+2 54
-2 54
+2 4
+6 2
+2 2
-1 2
-1 2
+1 2
+1 8
+2 10
+2 4
+6 104
+2 192
+4 44
+1 44
-29 88
+32 6
-7 16

fl=(36) /build/glibc-t3gR2i/glibc-2.23/io/../sysdeps/unix/sysv/linux/wordsize-64/fxstat.c
fn=(120) _fxstat
34 3
-1 3
+1 3
+1 18
+4 3

fl=(43) /build/glibc-t3gR2i/glibc-2.23/elf/dl-version.c
fn=(156) match_symbol
76 44
+9 4
-8 4
-1 8
+1 4
+8 4
+6 12
+15 4
+1 8
+2 4
+5 8
+14 36
+12 42
+4 14
-30 28
+19 20
cfi=(19) /build/glibc-t3gR2i/glibc-2.23/string/../sysdeps/x86_64/multiarch/../strcmp.S
cfn=(54) strcmp
calls=4 +11 
* 96
* 8
+35 32

fn=(154) _dl_check_map_versions
189 12
-15 36
+17 4
+3 12
-3 4
+2 4
+1 4
+2 4
-3 4
+3 4
+3 4
+4 2
-4 2
+4 8
+17 2
56 4
220 2
56 10
+1 5
-1 10
+2 21
cfi=(34)
cfn=(106) _dl_name_match_p
calls=7 288 
* 884
* 16
228 6
+5 16
+19 2
-15 62
cfn=(156)
calls=2 76 
* 198
* 8
cfn=(156)
calls=2 76 
* 182
* 4
+7 24
+3 12
+9 12
+14 4
+3 8
+10 28
-7 112
+3 84
-3 8
+3 6
+8 9
+87 8
-81 12
cfi=(17) /build/glibc-t3gR2i/glibc-2.23/elf/dl-minimal.c
cfn=(36) calloc
calls=3 103 
* 114
* 3
+1 3
-2 3
+2 3
+11 3
+2 3
-5 3
+3 3
+2 3
-2 3
+2 3
+3 8
+4 6
+18 2
-15 6
+2 6
-2 6
+2 6
+2 4
+1 4
-1 8
+1 4
-1 4
+1 4
+1 4
-2 4
+2 8
+1 12
+3 12
+8 6
+10 9
+3 8
+20 28
-14 60
-2 28
+7 56
+1 28
-1 84
+1 28
-1 28
+1 28
+1 28
+3 90
+10 27
183 2
-8 2
+95 4
-80 2

fn=(152) _dl_check_all_versions
380 5
+4 7
+2 28
cfn=(154)
calls=4 189 
* 2664
-2 4
+2 12
-1 4
-1 8
+5 7

fl=(34)
fn=(106)
288 195
+1 78
cfi=(19)
cfn=(54)
calls=39 144 
* 1588
* 39
+1 39
-1 39
+3 39
+2 78
+4 40
-4 80
+1 129
cfi=(19)
cfn=(54)
calls=43 144 
* 1851
* 86
-5 3
+11 51
-1 36
+1 144

fn=(142)
45 2
+7 1
-7 3
+7 1
-7 3
+7 1
cfi=(24)
cfn=(110) open
calls=1 +32 
* 5
+1 2
+2 5
cfi=(36)
cfn=(120)
calls=1 -21 
* 10
* 2
+2 1
+3 1
-3 1
+3 1
+13 2
cfi=(24)
cfn=(130) close
calls=1 +11 
* 5
+3 7
-14 6
cfi=(26) /build/glibc-t3gR2i/glibc-2.23/misc/../sysdeps/unix/sysv/linux/wordsize-64/mmap.c
cfn=(72) mmap
calls=1 -29 
* 33
* 2

fl=(11)
fn=(22)
66 16
+1 16
+1 16
+1 16
+1 16
+1 16
+1 16
+2 16
+2 16
+30 15
+1 15
+1 15
+1 15
+1 15
+1 5
+1 5
+4 10
+1 10
+1 10
+1 10
+1 10
+1 10
+1 10
+1 10
+1 10
+1 10
+1 10
+1 10
+5 80
+4 1
+1 14
+1 8

fl=(29)
fn=(82)
40 16
+1 4
cfi=(11)
cfn=(22)
calls=4 +25 
* 118
* 4
+1 8
cfi=(17)
cfn=(40) malloc
calls=4 +52 
* 116
* 4
+2 8
+4 4
-1 8
+1 8
-1 8
cfi=(18)
cfn=(46)
calls=4 +14 
* 142

fl=(38)
fn=(206)
84 4
+1 1

fn=(124) mprotect
84 24
+1 6

fl=(44) /build/glibc-t3gR2i/glibc-2.23/elf/dl-reloc.c
fn=(164) _dl_relocate_object
149 40
+15 4
-15 8
+15 4
+1 24
+6 8
+6 12
-18 8
+22 8
+7 4
-32 4
+32 4
+44 4
fi=(5) /build/glibc-t3gR2i/glibc-2.23/elf/../sysdeps/x86_64/dl-machine.h
76 12
fe=(44)
232 8
fi=(5)
76 12
+6 6
+4 9
+14 3
-8 3
+10 3
-2 6
+20 6
+9 3
fe=(44)
258 164
-98 18
fi=(5)
301 24
fe=(44)
-43 3
fi=(4) /build/glibc-t3gR2i/glibc-2.23/elf/do-rel.h
58 3
-10 3
-1 6
+11 3
-11 3
+11 3
fe=(44)
258 1
-98 6
fi=(5)
301 8
fe=(44)
-43 1
fi=(4)
58 1
-10 1
-1 2
+11 1
-11 1
+11 1
fe=(44)
258 4
fi=(4)
58 4
-10 4
-1 8
+11 4
-11 4
+11 4
+3 15
fi=(5)
528 24
+4 24
+2 36
+1 12
fi=(4)
61 57
+2 80
+2 26
-4 3
+13 6
+1 5
+1 16
fi=(5)
528 8
+26 8
fi=(4)
75 8
fi=(5)
554 16
cob=(3) /lib/x86_64-linux-gnu/libc-2.23.so
cfi=(52) ???
cfn=(196) memcpy@GLIBC_2.2.5
calls=1 0 
* 11
cob=(3)
cfi=(51) /build/glibc-t3gR2i/glibc-2.23/time/../sysdeps/unix/sysv/linux/x86/gettimeofday.c
cfn=(192) gettimeofday
calls=1 37 
* 66
cob=(3)
cfi=(50) /build/glibc-t3gR2i/glibc-2.23/string/../sysdeps/x86_64/multiarch/strspn.S
cfn=(190) strspn
calls=1 30 
* 6
cob=(3)
cfi=(49) /build/glibc-t3gR2i/glibc-2.23/string/../sysdeps/x86_64/multiarch/strcspn.S
cfn=(188) strpbrk
calls=1 45 
* 6
cob=(3)
cfi=(45) /build/glibc-t3gR2i/glibc-2.23/string/../sysdeps/x86_64/multiarch/strcmp.S
cfn=(186) strncasecmp
calls=1 129 
* 5
cob=(3)
cfi=(49)
cfn=(184) strcspn
calls=1 45 
* 6
cob=(3)
cfi=(46) /build/glibc-t3gR2i/glibc-2.23/time/../sysdeps/unix/sysv/linux/x86/time.c
cfn=(178) time
calls=1 38 
* 66
cob=(3)
cfi=(45)
cfn=(176) strcasecmp
calls=1 109 
* 5
fi=(4)
75 8
fi=(5)
555 8
fi=(4)
75 11
fe=(44)
258 2
fi=(4)
75 14
fe=(44)
258 14
+3 16
+24 4
+3 8
+17 12
+2 32
fi=(4)
84 5
-1 5
+3 10
-3 5
+3 5
+12 15
+10 6
+3 8
fi=(5)
512 2
fi=(4)
112 4
fi=(5)
512 1194
fi=(4)
112 2380
fi=(5)
512 2380
+5 2384
+1 2384
fi=(4)
111 2384
fi=(5)
518 1192
fi=(4)
111 1192
+7 15
+6 4
-3 8
+3 10
fi=(5)
447 9
fi=(4)
127 368
+9 184
+3 92
-3 92
+3 92
fi=(5)
269 92
fi=(4)
138 92
-2 92
+1 368
fi=(5)
269 92
+21 184
+4 184
+7 1755
fi=(4)
137 75
fi=(5)
301 150
fi=(4)
137 75
fi=(5)
301 75
fi=(4)
137 75
fi=(5)
301 1200
cfi=(6) /build/glibc-t3gR2i/glibc-2.23/elf/dl-lookup.c
cfn=(170) _dl_lookup_symbol_x
calls=75 806 
* 41832
* 600
+2 234
+3 90
-3 180
+3 270
+6 552
fe=(44)
178 8
fi=(5)
435 234
fi=(4)
124 282
+19 6
fi=(5)
301 54
fi=(4)
108 3
fi=(5)
407 42
+4 70
+14 70
fe=(44)
313 20
+3 4
-3 8
+3 4
+4 8
+1 16
cfi=(38)
cfn=(124)
calls=4 84 
* 20
* 12
fi=(5)
123 15
+6 12
fe=(44)
258 3
fi=(4)
129 8
fi=(5)
301 87
fi=(4)
160 7
+2 20
+8 10
+1 5
-1 5
+1 5
fi=(5)
+98 5
fi=(4)
-99 15
fi=(5)
+99 5
+21 10
+4 10
+7 180
cfi=(6)
cfn=(170)
calls=5 806 
* 2409
* 35
+2 15
+3 1
-3 2
+3 3
+6 30
435 15
fi=(4)
160 17
+14 2
fi=(5)
301 6
fe=(44)

fl=(6)
fn=(174) check_match
92 640
+3 560
+12 480
+3 384
cfi=(19)
cfn=(54)
calls=16 +34 
* 692
* 32
+5 80
-1 80
+1 80
+2 158
+19 158
+1 632
+46 80
-7 80
+7 400
-18 2
+2 1
+1 4
-1 5
-29 237
cfi=(19)
cfn=(54)
calls=79 +6 
* 1896
* 237

fn=(172) do_lookup_x
355 602
+1 86
-1 430
+48 86
-30 86
-11 86
+41 86
+7 172
-7 172
-30 344
+37 344
-44 172
+3 172
-3 368
+3 368
+4 540
+4 540
+4 540
+6 810
+8 270
-4 270
+1 270
+3 540
+1 810
+3 270
+1 540
+2 540
+8 270
-8 270
+8 2700
-99 190
553 1364
+1 50
cfi=(34)
cfn=(106)
calls=25 288 
* 2615
* 75
+3 570
+3 6
+1 688
-92 160
+50 596
+4 33
+12 160
+1 80
+1 160
413 504
+2 168
+2 1092
+13 252
-10 820
+2 160
+1 400
-1 80
+1 560
-1 80
+1 240
cfn=(174)
calls=80 92 
* 6918
+4 240
+34 8
+94 28
439 720

fn=(170)
806 946
568 86
806 344
568 430
+1 86
-1 86
+1 258
-1 258
+1 1091
-1 1091
+1 3273
-1 3445
808 86
+4 86
+4 86
-8 86
+1 172
+7 244
+7 86
-2 86
+2 86
-2 86
+6 86
-7 86
+7 172
-7 516
+15 6
-8 30
+2 1204
cfn=(172)
calls=86 355 
* 31771
+3 258
+26 172
+22 80
+1 560
+31 80
+9 400
+14 240
+3 320
+5 80
+2 688
-85 42
+16 6
+1 12
+59 2

fn=(10) _dl_setup_hash
956 12
+4 4
+4 8
+2 4
-1 4
+3 12
+1 4
+1 4
+3 4
-3 4
+7 4
-4 4
-1 4
+3 4
+2 4
-7 4
+7 4
+1 4

fl=(33) /build/glibc-t3gR2i/glibc-2.23/setjmp/../sysdeps/x86_64/setjmp.S
fn=(100) __sigsetjmp
26 3
+9 3
+1 6
+1 3
+4 3
+1 3
+1 3
+1 3
+1 3
+2 6
+2 3
+1 3
+1 3
+2 6
+2 3
+4 3
+1 3

fl=(66) /build/glibc-t3gR2i/glibc-2.23/elf/../elf/dl-runtime.c
fn=(260) _dl_fixup
66 12
+5 12
-5 6
+3 12
+3 6
-1 12
-3 6
+5 36
+1 6
-1 6
+1 12
+5 12
+4 12
+4 18
+4 6
+1 30
+2 24
+7 12
-1 6
+1 6
+10 54
cfi=(6)
cfn=(170)
calls=6 806 
* 5068
* 6
+4 30
+10 36
+16 6
-8 6
+8 18
+4 18
fi=(5)
+90 6
fe=(66)
-86 18

fl=(65) /build/glibc-t3gR2i/glibc-2.23/elf/../sysdeps/x86_64/dl-trampoline.h
fn=(258) _dl_runtime_resolve_avx
64 1
+3 1
+2 1
+2 1
+3 1
+1 1
+1 1
+1 1
+1 1
+1 1
+1 1
+1 1
+1 1
+1 1
+1 1
+1 1
+1 1
+1 1
+1 1
+5 1
+1 1
+1 1
+1 1
+14 1
+1 1
+1 1
cfi=(66)
cfn=(260)
calls=1 -46 
* 953
+1 1
+5 1
+1 1
+1 1
+1 1
+13 1
+1 1
+1 1
+1 1
+1 1
+1 1
+1 1
+1 1
+1 1
+1 1
+1 1
+1 1
+1 1
+1 1
+1 1
+2 1
+2 1
+4 1
+3 1
cob=(3)
cfi=(67) /build/glibc-t3gR2i/glibc-2.23/csu/../csu/libc-start.c
cfn=(264) (below main)
calls=1 -25 
* 111527

fn=(259) _dl_runtime_resolve_avx'2
64 5
+3 5
+2 5
+2 5
+3 5
+1 5
+1 5
+1 5
+1 5
+1 5
+1 5
+1 5
+1 5
+1 5
+1 5
+1 5
+1 5
+1 5
+1 5
+5 5
+1 5
+1 5
+1 5
+14 5
+1 5
+1 5
cfi=(66)
cfn=(260)
calls=5 -46 
* 4565
+1 5
+5 5
+1 5
+1 5
+1 5
+13 5
+1 5
+1 5
+1 5
+1 5
+1 5
+1 5
+1 5
+1 5
+1 5
+1 5
+1 5
+1 5
+1 5
+1 5
+2 5
+2 5
+4 5
+3 5
cob=(3)
cfi=(94) /build/glibc-t3gR2i/glibc-2.23/time/ctime.c
cfn=(394) ctime
calls=1 24 
* 19070
cob=(3)
cfi=(91) /build/glibc-t3gR2i/glibc-2.23/libio/ioputs.c
cfn=(382) puts
calls=1 33 
* 435
cfi=(84) /build/glibc-t3gR2i/glibc-2.23/elf/dl-open.c
cfn=(342) _dl_find_dso_for_object
calls=1 +23 
* 32
cob=(3)
cfi=(73) /build/glibc-t3gR2i/glibc-2.23/stdio-common/printf.c
cfn=(306) printf
calls=1 28 
* 61673
cob=(3)
cfi=(72) /build/glibc-t3gR2i/glibc-2.23/io/../sysdeps/unix/sysv/linux/wordsize-64/xstat.c
cfn=(298) _xstat
calls=1 34 
* 10

fl=(15) /build/glibc-t3gR2i/glibc-2.23/elf/dl-object.c
fn=(32) _dl_new_object
61 42
+1 3
cfi=(11)
cfn=(22)
calls=3 +4 
* 66
+6 3
-6 6
+6 6
+7 12
cfi=(17)
cfn=(36)
calls=3 +28 
* 120
* 3
+3 3
-3 3
+3 3
+4 3
+5 6
-6 3
+6 3
-5 3
+3 6
+2 3
cfi=(18)
cfn=(46)
calls=3 -26 
* 88
+10 3
-10 3
+10 3
-8 3
+9 6
-1 9
+1 9
+3 3
-4 3
+1 3
+3 3
+9 3
-7 3
+4 3
+3 9
+2 2
-2 2
+2 30
-2 30
+12 3
+6 3
-5 3
-1 3
+6 15
+2 2
+3 2
-3 2
+3 2
-3 4
+7 6
+4 4
+2 5
+6 1
+6 1
-3 2
+3 4
-3 4
+3 4
+2 6
cfi=(11)
cfn=(22)
calls=2 -91 
* 68
+4 2
-4 8
+4 6
+64 4
+4 24
68 30
+34 8
+39 8
+70 6
cfi=(25) /build/glibc-t3gR2i/glibc-2.23/string/../sysdeps/x86_64/memcpy.S
cfn=(70) mempcpy
calls=2 61 
* 71
* 42
+6 40
-1 40
+1 42
-1 2
+1 6
+5 4
-89 2
+32 4
cfi=(17)
cfn=(40)
calls=2 -71 
* 58
* 2
+1 2
-1 2
+1 6
+2 1
-35 2

fn=(48) _dl_add_to_namespace_list
32 15
+2 6
cfi=(2) /build/glibc-t3gR2i/glibc-2.23/elf/rtld.c
cfn=(50) rtld_lock_default_lock_recursive
calls=3 688 
* 6
+2 3
-2 3
+2 19
+3 15
+2 2
+2 2
+4 2
+4 2
-4 4
+1 2
+4 4
-4 2
+1 2
+3 2
-3 2
+2 2
cfi=(2)
cfn=(52) rtld_lock_default_unlock_recursive
calls=2 694 
* 4
-4 1
+4 1
-4 2
+1 1
+4 2
-4 1
+1 1
+3 1
-3 1
+2 1
cfi=(2)
cfn=(52)
calls=1 694 
* 2
-5 2

fl=(41) /build/glibc-t3gR2i/glibc-2.23/io/../sysdeps/unix/sysv/linux/wordsize-64/xstat.c
fn=(138) _xstat
34 8
-1 8
+1 8
+1 48
+4 2
-4 24

fl=(17)
fn=(36)
103 8
+8 24
-4 8
+4 16
+3 8
cfn=(40)
calls=8 -20 
* 238
* 8

fn=(80) strsep
354 10
+2 5
+1 10
+4 197
+7 540
-2 362
+6 2
+7 1
+4 1
-4 2
+4 4
-7 90
-15 274

fn=(40)
94 23
+1 46
cfn=(44) __libc_memalign
calls=23 -43 
* 683
* 23

fn=(44)
52 72
+1 95
+11 69
+3 23
-3 23
+3 46
-3 3
+3 1
-3 1
+3 86
+4 12
+1 6
+6 24
cfi=(26)
cfn=(72)
calls=3 -45 
* 99
+2 15
+4 9
+3 3
+1 3
+2 15
-3 21
+1 21
+2 105
-31 2
-1 5

fn=(86) free
120 2
+2 6
+7 4

fl=(40) /build/glibc-t3gR2i/glibc-2.23/elf/dl-deps.c
fn=(132) _dl_map_object_deps
161 1
-1 1
+1 1
-1 4
+1 1
-1 2
+1 1
-1 2
+1 1
-1 2
+1 3
-15 1
+15 1
-17 1
+1 1
+1 1
+6 4
+26 1
-26 1
+26 7
-34 1
+2 1
+33 2
-33 1
-2 1
+2 2
-2 1
+1 1
+1 1
+6 3
+26 1
-26 1
+26 5
+4 1
+21 1
+1 1
-22 2
+19 1
-12 1
+15 1
-16 2
+13 1
317 9
217 1
-4 1
-4 1
+8 4
-4 3
-4 3
+8 3
+12 8
+2 2
+11 2
-5 2
-6 4
+5 2
+2 4
+1 4
+3 14
+50 6
+1 3
-51 192
+1 96
+6 10
cfi=(28) /build/glibc-t3gR2i/glibc-2.23/string/../sysdeps/x86_64/multiarch/../strchr.S
cfn=(76) index
calls=2 24 
* 70
* 4
+5 10
-3 2
+3 2
cfi=(32) /build/glibc-t3gR2i/glibc-2.23/elf/dl-error.c
cfn=(96) _dl_catch_error
calls=2 -91 
* 6466
+2 6
+15 2
+2 4
+5 2
+6 2
+2 2
-8 4
+3 2
+1 2
+1 2
+1 2
+4 12
+7 138
459 12
+2 6
+2 6
cfi=(17)
cfn=(40)
calls=2 94 
* 58
* 2
+2 2
-2 2
+2 2
+4 8
-1 2
+1 2
cfi=(18)
cfn=(46)
calls=2 61 
* 41
+1 10
cfi=(18)
cfn=(46)
calls=2 61 
* 41
+4 2
-1 2
+5 22
+7 6
+1 1
+3 5
+10 4
cfi=(17)
cfn=(40)
calls=1 94 
* 80
* 1
+3 1
-3 1
+3 1
+5 6
+1 1
-1 3
+1 2
+8 2
+4 3
-4 1
-6 3
-2 3
+8 6
+4 9
-4 3
-6 9
+13 3
+51 3
+2 3
+42 1
-4 1
+5 2
-1 4
+1 2
cfi=(27)
cfn=(74)
calls=1 53 
* 15
* 1
-2 9
+7 1
-1 1
+1 1
-1 2
+7 1
-7 1
+7 2
-13 2
+7 2
-1 2
+1 2
-1 4
+7 2
-7 2
+7 6
+2 8
+1 4
-1 4
+1 3
+2 9
+1 6
+28 18
cfi=(27)
cfn=(74)
calls=2 53 
* 37
* 10
-6 3
-28 6
+31 10
-6 2
+16 2
+2 1
+1 1
-1 1
+2 3
+7 3
+3 3
+3 8
481 9
-1 4
+1 9
202 2
+27 8
-19 4
+8 25
+2 2
+2 8
+2 30
338 6
611 8
cfi=(18)
cfn=(46)
calls=1 61 
* 28
+2 1
-38 1
+38 1
209 2

fn=(134) openaux
60 4
+7 2
-4 22
cfi=(22) /build/glibc-t3gR2i/glibc-2.23/elf/dl-load.c
cfn=(104) _dl_map_object
calls=2 2167 
* 6308
* 2
+5 4

fl=(25)
fn=(70)
61 27
+4 27
+3 26
+1 26
+2 9
+1 9
+2 9
+1 9
+5 9
+1 9
-1 17
+1 17
+2 18
+1 18
+2 18
+1 18
+5 18
+1 18
-1 8
+1 8
+2 9
+1 9
+2 9
+1 9
+5 9
+1 9
-1 17
+1 17
+2 14
+1 14
+2 14
+1 28
+5 14
+1 14
-1 12
+1 16
+5 4
+1 4
+1 4
+1 4
+2 4
+2 4
+1 4
+2 4
+6 26
+4 26
+12 2
+2 2
+1 2
+26 2
+1 2
+3 2
+1 2
+1 2
+5 2
+2 2
+1 2
+1 2
+1 2
+2 2
+1 2
+1 2
+1 2
+2 2
+1 2
+2 2
+22 2
+2 2
+2 1
+7 1

fl=(7) /build/glibc-t3gR2i/glibc-2.23/elf/../elf/dl-sysdep.c
fn=(202) _dl_sysdep_start_cleanup
256 1

fn=(12) _dl_sysdep_start
86 8
+25 1
-1 1
+1 210
+6 1
-3 1
+1 1
-4 1
+3 1
+3 4
+1 2
-1 25
+1 105
-1 102
+62 1
+1 1
-1 1
+1 1
-29 1
+1 2
+11 1
+1 1
-1 1
+1 1
-7 1
+1 1
-1 1
+1 1
-4 1
+1 2
-25 1
+1 2
-4 1
+1 2
-7 1
+1 1
+2 1
+1 1
fi=(9) /build/glibc-t3gR2i/glibc-2.23/elf/../sysdeps/unix/sysv/linux/dl-sysdep.c
-90 2
cfi=(10) /build/glibc-t3gR2i/glibc-2.23/elf/../sysdeps/unix/sysv/linux/x86_64/brk.c
cfn=(18) brk
calls=1 -4 
* 11
fi=(5)
223 5
fi=(8) /build/glibc-t3gR2i/glibc-2.23/elf/../sysdeps/x86/cpu-features.c
61 2
+3 1
-3 1
+3 9
175 3
+1 1
+3 2
+1 1
+2 2
+1 7
+7 3
+4 2
+2 4
+51 2
fe=(7)
-16 1
fi=(8)
+27 1
+1 1
+1 1
fe=(7)
-29 1
+1 1
cfi=(11)
cfn=(22)
calls=1 66 
* 32
* 1
+2 2
cfi=(12) /build/glibc-t3gR2i/glibc-2.23/elf/../misc/sbrk.c
cfn=(24) sbrk
calls=1 34 
* 17
* 3
+12 3
+3 5
cfi=(2)
cfn=(26) dl_main
calls=1 738 
* 89485
+1 1
+1 8
fi=(8)
-4 2
+1 2
+4 2
-52 2
+1 1
+6 3
+2 1
+3 3
+16 2
+1 1
+2 2
29 2
+4 1
-4 1
+5 1
-1 1
+2 1
-1 1
+1 1
-2 1
+1 1
+1 1
+1 1
-7 2
+3 1
+4 1
+5 1
+32 2
-32 1
+27 1
+5 1
+3 1
+1 8
+57 2
-66 2
+44 2
248 2
+3 2
fe=(7)

fl=(22)
fn=(78) fillin_rpath
433 8
+2 1
-2 9
+5 1
cfi=(17)
cfn=(80)
calls=1 -84 
* 482
* 4
-66 3
cfi=(28)
cfn=(76)
calls=1 24 
* 47
* 3
cfi=(28)
cfn=(76)
calls=1 24 
* 23
* 4
+4 4
cfi=(29)
cfn=(82)
calls=2 40 
* 211
* 2
+68 4
cfi=(11)
cfn=(22)
calls=2 66 
* 50
+4 2
-4 2
+4 2
+22 33
+1 18
+55 4
+2 4
cob=(2) ???
cfi=(16) ???
cfn=(84) 0x0000000004000ab0
calls=2 0 
* 14
* 4
-90 2
cfi=(17)
cfn=(80)
calls=2 -84 
* 244
* 6
+94 1
+3 9
-46 4
+4 4
-1 8
cfi=(17)
cfn=(40)
calls=2 94 
* 58
* 2
+3 2
-3 2
+3 4
+5 2
+1 4
-2 2
+2 2
cfi=(25)
cfn=(70)
calls=2 61 
* 67
+3 2
-3 2
+1 2
+2 2
+1 1
+5 2
+1 1
-1 2
+1 2
-1 2
+1 1
-1 2
+1 24
+1 22
-1 4
+3 4
+1 6
+7 2
+1 2
-1 4
-67 12
+8 2
-3 6
+3 4
+26 4
-34 4
+65 4
-9 4

fn=(104)
2167 21
+8 3
-8 6
+8 3
+1 12
+3 42
+5 49
+2 21
cfi=(34)
cfn=(106)
calls=7 288 
* 1016
* 14
+4 12
+1 18
+3 2
+2 8
cfi=(19)
cfn=(54)
calls=2 144 
* 68
* 4
2478 24
2213 10
+9 2
-53 2
+53 4
+36 4
-2 2
+2 2
cfi=(28)
cfn=(76)
calls=2 24 
* 46
* 4
2409 2
372 3
cfi=(28)
cfn=(76)
calls=1 24 
* 47
* 2
+4 2
cfi=(29)
cfn=(82)
calls=1 40 
* 128
2410 1
-3 1
+3 2
+4 9
cfn=(108) open_verify.constprop.7
calls=1 1695 
* 299
+3 1
-3 1
+3 3
+12 3
+46 1
+1 3
-1 1
+1 9
cfn=(114) _dl_map_object_from_fd
calls=1 871 
* 1444
-1 1
+1 3
-1 1
+1 9
cfn=(114)
calls=1 871 
* 1738
* 6
2262 2
cfi=(11)
cfn=(22)
calls=1 66 
* 16
* 1
+2 1
-2 1
+2 1
+7 4
+35 2
+1 14
cfn=(136) open_path
calls=1 2018 
* 1510
+6 2
-6 1
+6 3
638 1
2314 1
638 2
2401 2
+28 3
+2 4
2275 1
+5 1
-5 1
+5 1
+3 2
-3 1
+3 7
-3 3
638 1
2281 1
638 2
2336 1
-14 1
+14 1
+2 3
+4 2
cfi=(42)
cfn=(140)
calls=1 185 
* 1537
+2 1
-2 1
+2 1
+4 2
+8 3
+23 10
cfn=(108)
calls=1 1695 
* 370
+4 1
-4 1
+4 3
+1 2
-89 3
+1 8
638 1
2297 1
638 2

fn=(114)
871 22
+10 2
-10 2
+10 2
-10 6
+10 2
cfi=(30)
cfn=(88)
calls=2 50 
* 16
fi=(35) /build/glibc-t3gR2i/glibc-2.23/elf/../sysdeps/posix/dl-fileid.h
37 6
fe=(22)
881 2
fi=(35)
37 2
cfi=(36)
cfn=(120)
calls=2 -3 
* 20
* 4
+4 2
fe=(22)
897 2
fi=(35)
40 2
+1 2
fe=(22)
897 29
+1 10
fi=(35)
49 12
fe=(22)
1443 16
915 4
+24 4
+10 4
+22 8
+32 4
882 2
1006 14
cfi=(15)
cfn=(32)
calls=2 61 
* 831
+1 2
-1 2
+1 2
+11 4
+1 2
-1 2
+2 2
-1 2
+4 2
-1 4
-2 2
+2 4
+1 6
+1 2
+19 2
-2 2
+10 2
-8 12
+8 2
-8 6
+8 2
+87 2
+8 2
-8 8
+8 2
-8 6
-86 32
-1 136
+1 95
+6 4
+1 6
+1 2
+9 20
+5 32
+9 12
-1 12
+1 4
+1 8
+2 4
-2 4
+1 4
-1 4
+3 4
+4 4
-7 4
+2 4
+1 4
+4 4
+1 12
+4 6
-14 2
+14 12
+11 2
-11 6
-14 2
+14 12
+11 2
-44 2
+1 1
+46 3
+4 1
+1 1
+1 1
-1 2
+1 1
+3 3
+1 1
+3 1
-3 1
+7 4
+6 1
cfi=(31) /build/glibc-t3gR2i/glibc-2.23/elf/dl-tls.c
cfn=(146) _dl_next_tls_modid
calls=1 49 
* 8
* 2
+1 1
+59 4
+1 6
+1 2
-6 4
+1 2
+8 6
1019 2
1207 2
1019 2
1207 2
+10 6
fi=(37) /build/glibc-t3gR2i/glibc-2.23/elf/./dl-map-segments.h
56 4
fe=(22)
1217 6
fi=(37)
56 2
fe=(22)
1217 2
fi=(37)
56 2
fe=(22)
1217 4
fi=(37)
56 12
cfi=(26)
cfn=(72)
calls=2 -23 
* 70
+4 2
-4 2
+4 4
+3 4
+1 2
+2 2
-2 2
-1 2
+3 2
+10 4
fi=(39) /build/glibc-t3gR2i/glibc-2.23/elf/./dl-load.h
+14 8
+1 6
+2 8
fi=(37)
+7 16
+6 2
+2 2
-2 2
+1 2
+2 2
-1 2
+1 2
-1 6
+8 4
+17 4
+12 4
-59 20
+2 4
+2 2
-2 4
+2 20
cfi=(26)
cfn=(72)
calls=2 -57 
* 62
* 6
fe=(22)
1229 8
+9 4
fi=(3) /build/glibc-t3gR2i/glibc-2.23/elf/get-dynamic-info.h
39 2
fe=(22)
1238 2
fi=(3)
39 2
+6 2
-2 2
+2 4
+15 2
+5 2
+3 2
-1 2
-3 2
-3 36
+10 8
-26 24
+16 35
+10 35
-26 105
+26 2
-26 6
+2 90
+13 40
+2 8
+3 8
+13 4
+20 7
+1 8
+1 8
+1 8
+2 8
+5 8
+1 7
+1 8
+6 6
+5 4
+7 4
+1 6
+16 6
+5 1
+2 1
-2 1
+2 1
+2 2
+2 2
+3 6
+10 1
-8 4
+8 1
+5 2
+3 4
fe=(22)
1245 4
+15 6
+19 4
+2 10
+54 6
+1 2
+3 2
cfi=(24)
cfn=(130)
calls=1 84 
* 5
* 2
cfi=(24)
cfn=(130)
calls=1 84 
* 5
* 4
+9 4
+2 6
+2 2
-2 2
+2 2
+16 4
cfi=(6)
cfn=(10)
calls=2 956 
* 46
+4 4
+1 4
+17 4
+9 2
-5 6
+5 2
+10 4
+10 6
cfi=(15)
cfn=(48)
calls=2 32 
* 82
+4 8
fi=(3)
68 8
+2 10
fe=(22)
1391 2
fi=(37)
119 4
+8 16
cfi=(27)
cfn=(74)
calls=2 -74 
* 283
* 8
-54 8
-1 12
cfi=(38)
cfn=(124)
calls=2 +12 
* 10
* 2
fi=(39)
+22 5
+1 11
+3 4
fi=(37)
+39 9
cfi=(26)
cfn=(72)
calls=1 33 
* 31
+3 3
fe=(22)
1233 2

fn=(136)
2018 8
+1 1
+6 1
-6 1
+6 1
+5 9
+52 1
-59 1
-1 1
+60 1
-52 8
+74 4
-62 1
-9 1
+9 2
-9 1
+9 1
+7 8
cfi=(25)
cfn=(70)
calls=2 61 
* 67
+1 2
-1 2
+1 10
+20 16
-20 30
+3 16
+5 16
-1 8
+1 16
-1 24
cfi=(25)
cfn=(70)
calls=8 61 
* 170
* 32
cfi=(25)
cfn=(70)
calls=8 61 
* 184
-1 8
+7 8
-7 8
+7 8
+3 72
cfn=(108)
calls=8 1695 
* 352
* 8
+2 40
+67 14
+7 2
-2 2
+2 6
+3 3
+14 1
-27 1
+27 7
-84 16
+1 72
+6 8
+2 8
-2 8
+2 16
-2 8
+2 8
cfi=(41)
cfn=(138)
calls=8 34 
* 98
* 16
+1 2
+2 2
-2 2
+2 14
+7 6
-7 6
+7 18
-30 6
+23 12

fn=(64) _dl_init_paths
661 1
+13 2
-13 8
+13 3
cfi=(23) /build/glibc-t3gR2i/glibc-2.23/elf/dl-hwcaps.c
cfn=(66) _dl_important_hwcaps
calls=1 39 
* 398
+5 1
-5 1
+5 1
cfi=(17)
cfn=(40)
calls=1 94 
* 29
* 1
+1 1
-2 1
+2 2
+8 1
-1 1
+1 2
-1 1
+1 1
-1 3
+5 1
-5 1
+5 1
cfi=(17)
cfn=(40)
calls=1 94 
* 80
* 1
+2 1
-3 1
+3 1
+17 1
+12 1
-9 2
+6 1
-19 1
+10 1
+12 1
-11 1
+2 1
+1 4
-15 1
+23 4
-3 21
cfi=(27)
cfn=(74)
calls=4 53 
* 60
* 4
+3 27
-14 3
+2 3
+1 3
+2 6
-3 3
+4 9
+4 3
-3 3
+3 3
+1 3
-4 9
+4 3
+10 1
+4 1
-11 1
+6 1
+6 1
-12 1
+12 1
+2 4
+2 3
+38 5
+8 3
cfi=(28)
cfn=(76)
calls=1 24 
* 47
* 2
+2 2
cfi=(11)
cfn=(22)
calls=1 66 
* 34
* 8
cfi=(18)
cfn=(46)
calls=1 61 
* 50
* 1
+4 6
+17 1
-4 4
-13 172
+17 43
-4 173
+8 1
cfi=(17)
cfn=(40)
calls=1 94 
* 29
* 1
+1 1
-2 1
+2 1
+6 9
cfn=(78)
calls=1 433 
* 1491
+4 5
+6 1
+4 8
-75 1
-2 1
+2 2
+14 2

fn=(108)
1695 110
+39 10
-39 30
+39 38
+31 40
cfi=(24)
cfn=(110)
calls=10 84 
* 82
+2 10
-2 10
+2 12
+10 2
+1 4
+5 16
cfi=(24)
cfn=(112) read
calls=2 84 
* 10
+2 4
+2 2
+2 2
-2 4
+2 2
+6 4
+16 8
cfi=(14)
cfn=(30)
calls=2 24 
* 57
* 18
cfi=(14)
cfn=(30)
calls=2 24 
* 72
* 4
+74 4
+5 4
+2 8
+6 4
+11 4
+6 2
+1 2
-1 8
+1 2
-1 2
+1 4
+1 6
+20 106
+2 36
+4 8
+1 6
+12 14
+4 6
+5 1
+1 1
-13 4
cfi=(14)
cfn=(30)
calls=1 24 
* 25
* 8
cfi=(14)
cfn=(30)
calls=2 24 
* 60
* 6
+16 2
+3 7
+3 3
+1 5
-39 2
+67 24
-23 8
+23 56
1804 2
+7 4
cfi=(14)
cfn=(30)
calls=1 24 
* 24
* 2

fl=(18)
fn=(46)
61 15
+2 15
+2 15
+3 13
+1 13
+2 4
+1 4
+2 4
+1 4
+5 4
+1 4
-1 9
+1 9
+2 4
+1 4
+2 4
+1 8
+5 4
+1 4
-1 9
+1 9
+2 4
+1 4
+2 4
+1 4
+5 4
+1 4
-1 9
+1 9
+2 8
+1 8
+2 8
+1 8
+5 8
+1 8
-1 5
+1 11
+5 6
+1 6
+1 6
+1 6
+2 6
+2 6
+1 6
+2 6
+8 13
+8 7
+6 7
+2 7
+1 7
+3 2
+1 6
+5 2
+1 2
+2 2
+2 2
+1 2
+2 2
-8 7
+1 7
+2 7
+2 7
+1 7
+2 11
+9 2
+1 2
-1 5
+1 5
+3 7
+1 7
+1 7
+5 6
+2 6
+1 6
+1 6
+1 6
+2 6
+1 6
+1 6
+1 6
+2 6
+1 6
+2 6
+22 7
+6 7
+1 7
+2 2

fl=(14)
fn=(30)
24 13
+1 13
+1 13
+1 13
+1 13
+1 13
+1 13
+1 13
+3 13
+1 13
+1 5
+1 5
+1 5
+1 5
+1 5
+1 5
+1 5
+2 12
+1 12
+1 4
+1 4
+1 4
+1 4
+1 4
+1 4
+1 4
+2 12
+1 12
+1 5
+1 5
+1 5
+1 5
+1 2
+1 2
+1 2
+2 9
+1 9
+1 5
+1 5
+1 5
+1 5
+5 4
+1 4
+1 4
+1 4
+1 4
+1 4
+1 4
+1 2
+1 2
+1 2
+1 2
+1 2
+7 2
+2 3
+4 8
+1 8
+1 1
+1 1
+1 1
+1 1
+1 1
+1 1
+1 1
+1 1
+1 1
+1 1
+1 1
+4 9
+1 9

fl=(1) ???
fn=(0) 0x0000000000000cc0
0 2
cfi=(2)
cfn=(2) _dl_start
calls=1 337 
0 90823
0 14
cfi=(53) /build/glibc-t3gR2i/glibc-2.23/elf/dl-init.c
cfn=(210) _dl_init
calls=1 80 
0 1640
0 3
cob=(5) /home/masha/labs/lab6/infofile
cfi=(64) ???
cfn=(250) _start
calls=1 0 
0 112546

fl=(23)
fn=(66)
39 6
+3 1
-3 2
+3 1
-1 1
+1 1
+9 1
-12 4
+12 2
+10 4
162 2
-47 3
cfi=(24)
cfn=(68)
calls=1 -31 
* 9
* 2
+55 3
+2 2
+1 5
+4 2
+4 1
-4 1
+1 1
+3 1
+3 1
+1 1
-1 1
+4 3
+1 1
-1 9
+1 1
+18 10
+1 2
-1 1
+1 3
cfi=(17)
cfn=(40)
calls=1 94 
* 29
* 1
+1 1
-1 1
+1 5
+29 1
+3 1
-3 2
+3 1
+23 7
+6 2
-1 2
+1 6
-1 8
+5 6
+3 1
-3 1
+3 1
-3 3
+3 1
-3 1
+3 5
+1 12
+1 4
-1 4
+1 8
-2 4
+1 8
-1 14
+4 4
+4 1
-1 1
+2 1
-2 1
+1 1
+1 1
-2 1
+2 10
+13 2
+1 1
-1 1
+3 2
-3 2
+1 1
-1 1
+3 2
+3 4
+3 1
-1 1
+1 9
113 1
+17 1
+1 1
-1 9
243 6
cfi=(25)
cfn=(70)
calls=1 61 
* 22
* 4
cfi=(25)
cfn=(70)
calls=1 61 
* 18
+1 4
cfi=(25)
cfn=(70)
calls=1 61 
* 22
* 4
cfi=(25)
cfn=(70)
calls=1 61 
* 18
* 12

fl=(84)
fn=(342)
182 5
+1 4
+1 12
+1 2
+3 2
+4 1
-9 6

fl=(19)
fn=(54)
144 184
+1 184
+2 184
+1 184
+21 184
+1 184
+1 144
+1 144
+1 122
+1 122
+1 122
+1 122
+21 122
+1 122
+1 122
+1 122
+1 122
+1 122
+1 122
+5 5
+1 5
+9 5
+1 5
+1 5
+1 5
+1 5
+1 5
+1 5
+1 5
-7 62
+1 62
+1 62
+1 62
+1 62
+1 62
+1 62
+1 62
+1 66
+1 57
+1 57
+1 57
+2 57
+1 57
+1 57
+1 57
+1 57
+1 57
-5 9
+1 9
+1 9
+1 9
+1 9
+1 9
+10 1
+1 1
+1 1
+2 1
+6 1
+1 1
+1 1
+1 1
+1 1
+5 1
1196 4
+1 4
+1 4
+1 4
+1 4
+2 4
+1 4
+1 4
+1 4
+1 4
+1 4
+1 4
1321 19
+1 19
+1 19
+1 19
+1 19
+2 19
+1 19
+1 19
+1 19
+1 19
+1 19
+1 19
1571 1
+1 1
+1 1
+1 1
+1 1
+2 1
+1 1
+1 1
+1 1
+1 1
+1 1
+1 1
1696 2
+1 2
+1 2
+1 2
+1 2
+2 2
+1 2
+1 2
+1 2
+1 2
+1 2
+1 2
1821 5
+1 5
+1 5
+1 5
+1 5
+2 5
+1 5
+1 5
+1 5
+1 5
+1 5
+1 5
+1 3
+4 3
+1 3
+1 3
+6 3
+1 3
+1 6
+4 3
+1 3
+3 3
+1 3
+1 3
+3 3
+1 3
+1 3
+6 3
+1 3
+1 3
+1 3
+1 3
+1 3
+72 1
+1 1
+1 1
+1 1
+1 1
+2 1
+1 1
+1 1
+1 1
+1 1
+1 1
+1 1
+1 1
+4 1
+1 1
+1 1
+6 1
+1 1
+1 2
+4 1
+1 1
+3 1
+1 1
+1 1
+3 1
+1 1
+1 1
+6 1
+1 1
+1 1
+1 1
+1 1
+1 1
+72 34
+1 34
+1 34
+1 34
+1 34
+2 34
+1 34
+1 34
+1 34
+1 34
+1 34
+1 34
+2 3
+4 3
+1 3
+1 3
+6 3
+1 3
+2 6
+4 3
+1 3
+3 3
+1 3
+1 3
+3 3
+1 3
+1 3
+6 3
+1 3
+1 3
+1 3
+1 3
+1 3
+74 7
+2 7
+1 7
+1 7
+1 7
-3 60
+1 60
+1 60
+1 60
+1 171
+5 57
+6 57
+1 57
+8 57
+1 57
-16 127
+6 127
+1 127
+8 127
+1 127

fl=(32)
fn=(96)
163 6
+15 3
-3 6
+1 6
-13 6
+14 6
+1 3
+2 3
cfi=(2)
cfn=(98) _dl_initial_error_catch_tsd
calls=3 648 
* 6
+2 3
-1 3
+4 3
-3 6
+3 3
-4 3
+4 3
cfi=(33)
cfn=(100)
calls=3 26 
* 60
* 9
+2 9
cfi=(40)
cfn=(134)
calls=2 60 
* 6342
cfi=(2)
cfn=(102) map_doit
calls=1 480 
* 2372
+1 6
+2 3
+1 3
-3 3
+1 6
+1 3
+9 3
-8 3
+8 9

fn=(148) _dl_receive_error
205 10
+1 1
cfi=(2)
cfn=(98)
calls=1 648 
* 2
+5 1
-1 1
-4 1
+9 1
+2 1
-3 1
+3 1
cfi=(2)
cfn=(150) version_check_doit
calls=1 513 
* 2749
+2 1
+1 1
+1 8

fl=(53)
fn=(210)
80 11
+1 1
+1 1
+3 3
+8 2
+1 2
+25 15
+1 12
-90 20
cfn=(212) call_init.part.0
calls=3 -2 
* 1480
* 3
+96 8
-96 2
+58 2
+16 1
cfn=(212)
calls=1 -76 
* 76
* 1

fn=(212)
28 20
+8 4
+3 4
-3 8
+3 12
+5 21
+5 4
+9 12
cob=(3)
cfi=(55) /build/glibc-t3gR2i/glibc-2.23/csu/../csu/init-first.c
cfn=(226) _init
calls=1 -6 
* 206
cob=(2)
cfi=(16)
cfn=(214) 0x0000000004a28530
calls=1 -58 
* 6
* 2
+4 4
+6 2
+2 4
-2 4
+3 10
+1 8
cob=(3)
cfi=(61) /build/glibc-t3gR2i/glibc-2.23/string/../sysdeps/x86_64/cacheinfo.c
cfn=(238) init_cacheinfo
calls=1 482 
* 1161
cob=(4) /usr/lib/valgrind/vgpreload_core-amd64-linux.so
cfi=(54) ???
cfn=(218) 0x0000000000000650
calls=1 -72 
* 17
* 4
cob=(3)
cfi=(63) /build/glibc-t3gR2i/glibc-2.23/elf/dl-altinit.c
cfn=(246) dlinit_alt
calls=1 -39 
* 4
* 3
-1 6
+3 24
-29 3
-5 3

fl=(24)
fn=(68)
84 12
+2 15

fn=(112)
84 8
+1 2

fn=(110)
84 44
+1 3
+1 40

fn=(130)
84 12
+1 3

fl=(26)
fn=(72)
33 9
-1 90
+1 23
+1 90
+2 63
-3 20

fl=(9)
fn=(60) _dl_discover_osversion
45 7
+2 3
+85 8
-45 3
cfi=(21) /build/glibc-t3gR2i/glibc-2.23/posix/../sysdeps/unix/syscall-template.S
cfn=(62) uname
calls=1 -3 
* 5
* 1
+15 1
-15 1
+20 1
-1 1
+3 12
+4 3
-2 6
+2 9
+7 3
-1 3
+4 3
-2 3
+2 10
+5 2

fl=(12)
fn=(24)
34 4
+8 6
+4 2
+16 5

fl=(13) /build/glibc-t3gR2i/glibc-2.23/elf/dl-environ.c
fn=(28) _dl_next_ld_env_entry
30 3
+3 10
+13 65
-13 195
+2 134
+1 20
+5 2
-3 2
+3 2
+2 2
-12 1
+19 1

fl=(28)
fn=(76)
24 8
+1 8
+1 8
+1 8
+1 8
+1 8
+1 8
+1 8
+1 8
+1 8
+1 8
+1 8
+1 8
+1 8
+1 8
+1 8
+1 8
+1 4
+4 4
+1 4
+1 4
+1 4
+2 4
+4 4
+1 4
+1 4
+1 4
+1 4
+1 4
+1 4
+1 4
+1 4
+1 4
+1 4
+1 4
+1 4
+1 4
+1 4
+1 4
+1 4
+1 4
+1 4
+1 4
+1 4
+1 4
+1 4
+1 4
+52 4
+4 4
+1 4
+1 4
+1 4
+2 4

fl=(2)
fn=(52)
694 10

fn=(50)
688 10

fn=(26)
738 1
+19 1
-19 7
2353 1
738 3
+19 1
+3 1
-22 1
2348 1
760 1
+4 2
+1 2
+5 2
2346 2
+7 4
-4 1
+4 8
+2 2
cfi=(13)
cfn=(28)
calls=1 30 
* 72
* 4
cfi=(13)
cfn=(28)
calls=2 30 
* 365
* 9
+4 50
+1 19
-1 57
+3 4
+6 14
2514 3
+30 3
780 3
981 7
cfi=(15)
cfn=(32)
calls=1 61 
* 250
+2 1
-2 1
+2 1
+1 1
+1 1
+5 2
-5 1
+1 2
+4 1
cfi=(15)
cfn=(48)
calls=1 32 
* 33
+1 3
747 1
1020 1
-3 1
-5 1
+1 1
+2 1
+5 7
+56 5
-55 24
-1 27
+1 47
1123 5
+3 2
+2 2
+2 3
+13 3
+1 6
cfi=(19)
cfn=(54)
calls=1 144 
* 44
* 2
+7 1
+3 1
-5 1
+3 1
+2 1
+1 2
+4 2
+2 2
fi=(3)
30 1
+9 2
+6 1
-2 1
+2 2
+15 1
+5 1
+3 1
+2 1
-3 1
-3 1
-3 14
+10 3
-26 9
+16 19
+10 19
-26 57
+26 1
-26 3
+2 46
+13 16
+2 4
+16 3
+38 3
+5 2
+7 2
+1 3
+16 3
+14 3
+18 2
fe=(2)
1166 2
cfi=(6)
cfn=(10)
calls=1 956 
* 23
+3 2
fi=(20) /build/glibc-t3gR2i/glibc-2.23/elf/setup-vdso.h
24 2
fe=(2)
1191 1
cfi=(9)
cfn=(60)
calls=1 45 
* 85
* 8
-75 2
+1 2
+1 1
-6 2
+1 1
-88 3
+1 1
+50 2
-1 8
+2 4
+1 1
+3 2
+1 2
-1 2
+1 2
+1 2
+1 6
+1 2
-43 1
-2 2
+27 1
-25 2
+7 1
-10 1
+10 1
-19 3
+1 1
fi=(3)
65 4
+3 4
+2 4
fe=(2)
2442 4
cfi=(14)
cfn=(30)
calls=1 24 
* 31
* 2
+2 3
-55 4
cfi=(14)
cfn=(30)
calls=1 24 
* 18
* 2
+7 4
cfi=(14)
cfn=(30)
calls=1 24 
* 36
* 2
+2 3
1185 3
+11 2
cfi=(22)
cfn=(64)
calls=1 661 
* 2846
+3 3
cfi=(30)
cfn=(88)
calls=1 50 
* 17
+7 1
-7 1
+2 1
+5 1
+3 3
+1 1
+3 1
-3 3
+1 2
+3 1
+5 1
-7 1
+7 1
+1 5
+17 2
+1 2
+5 1
-3 4
+2 2
+1 3
+5 3
+1 5
+2 2
+1 2
+5 2
+5 1
753 1
1262 2
1439 1
cfi=(31)
cfn=(90) _dl_count_modids
calls=1 115 
* 4
* 1
+8 3
+3 1
+4 3
+5 1
+1 1
cfi=(30)
cfn=(92)
calls=1 74 
* 1
+1 1
+4 3
+15 3
+4 1
-2 1
+2 2
+31 3
cfi=(24)
cfn=(68)
calls=1 84 
* 9
* 2
+77 1
1481 1
1592 3
+17 3
+1 1
-1 1
+1 2
-1 1
+1 5
cfi=(40)
cfn=(132)
calls=1 161 
* 7913
+1 1
+2 2
+3 1
-3 3
+3 1
-3 1
+3 3
+1 4
-1 2
+1 12
-1 6
+4 3
+1 3
+1 1
+2 2
+1 6
-1 5
+1 5
-1 3
-28 5
+1 1
-1 3
+4 3
+1 1
+1 2
+1 3
+34 1
+1 2
-1 1
+1 1
+2 1
+2 3
+2 1
-4 1
+5 1
-1 2
+14 2
+1 2
+1 3
+11 1
+2 1
-2 1
+2 2
-1 1
+1 1
-2 3
+2 1
cfi=(32)
cfn=(148)
calls=1 205 
* 2779
+10 1
+1 1
-1 1
+1 1
+1 1
cfn=(158) init_tls
calls=1 573 
* 619
* 1
+2 2
703 1
+2 3
fi=(134) /build/glibc-t3gR2i/glibc-2.23/elf/../sysdeps/unix/sysv/linux/dl-osinfo.h
77 1
fe=(2)
714 1
+7 1
-5 1
1692 3
1922 3
2092 4
+2 1
+5 3
cfi=(31)
cfn=(200) _dl_allocate_tls_init
calls=1 450 
* 147
+3 2
+9 3
+2 2
+15 1
+2 1
-2 2
+3 1
-3 1
+3 1
-3 1
+3 3
cfi=(44)
cfn=(164)
calls=1 149 
* 3984
+1 1
+2 6
+8 1
cfi=(7)
cfn=(202)
calls=1 256 
* 1
+4 3
+20 3
cfi=(30)
cfn=(88)
calls=1 50 
* 8
+1 1
-1 1
+2 1
cfi=(30)
cfn=(92)
calls=1 74 
* 1
+1 1
+4 1
cfi=(42)
cfn=(204)
calls=1 322 
* 15
+5 8
2043 3
+7 1
+2 3
+19 1
-19 4
+2 1
+2 12
+5 8
+2 8
+6 4
+2 8
+1 24
cfi=(44)
cfn=(164)
calls=3 149 
* 65642
+4 14
-22 10
+25 1
+2 5
+6 1
-6 1
+6 1
-10 2
cfi=(31)
cfn=(198) _dl_add_to_slotinfo
calls=1 890 
* 20
* 1
-12 1
+1 1
-3 2
-85 1
+11 1
-7 1
-4 1
+4 3
+4 2
+3 1
1491 2
cfi=(11)
cfn=(22)
calls=1 66 
* 34
* 8
cfi=(18)
cfn=(46)
calls=1 61 
* 69
* 1
+3 6
+3 3
cfi=(17)
cfn=(80)
calls=1 354 
* 766
* 3
cfi=(17)
cfn=(80)
calls=1 354 
* 6
* 6
+1 2
+1 3
+2 4
cfn=(94) do_preload
calls=1 654 
* 2462
* 2
1635 2
1503 1
+2 6

fn=(2)
337 9
+18 4
fi=(5)
59 1
fe=(2)
355 1
fi=(3)
45 1
fi=(5)
+14 2
fe=(2)
381 1
fi=(3)
45 1
fe=(2)
378 1
fi=(3)
45 1
+25 2
-3 1
-7 1
+5 1
+3 1
+2 1
-3 1
-3 1
-3 2
-13 26
+23 13
-26 39
+26 1
-26 3
+2 36
+13 20
+1 16
+10 4
-26 12
+33 2
+20 4
+1 4
+1 4
+1 4
+2 4
+5 4
+1 4
+1 4
+6 3
+5 2
+7 3
+1 3
+8 3
+2 3
+3 2
+1 2
fe=(2)
392 2
286 1
399 1
286 1
cfi=(6)
cfn=(10)
calls=1 956 
* 23
+1 2
+1 2
+1 2
+1 2
+8 1
+9 1
-9 3
+9 1
-6 1
-3 1
+9 1
cfi=(7)
cfn=(12)
calls=1 86 
* 90175
* 1
+9 1
+3 4
+4 1
-4 1
+4 1
424 9
fi=(3)
62 4
+3 4
fe=(2)
397 26
fi=(4)
84 1
+27 1
-28 1
+28 2
+1 2
fi=(5)
517 2
fi=(4)
112 18
fi=(5)
517 18
+1 20
fi=(4)
111 20
fi=(5)
518 10
fi=(4)
111 10
+5 2
+8 1
fi=(5)
312 1
fi=(4)
124 2
+12 1
+1 3
fi=(5)
266 1
fi=(4)
137 1
fi=(5)
294 1
fi=(4)
137 2
fi=(5)
294 1
fi=(4)
136 5
+1 15
fi=(5)
266 5
fi=(4)
137 5
fi=(5)
294 5
fi=(4)
137 10
fi=(5)
294 5
+9 12
+3 6
-3 12
+3 18
+6 36
fi=(3)
68 4
+2 3
fi=(5)
425 12
fi=(4)
124 19
fe=(2)

fn=(94)
654 4
+12 1
-12 2
+10 1
-4 1
+1 1
+5 4
-10 1
+6 1
+4 1
cfi=(32)
cfn=(96)
calls=1 163 
* 2434
+1 3
+10 3
+4 5

fn=(158)
573 1
+6 1
-6 1
+2 2
+4 1
+10 4
cfi=(17)
cfn=(36)
calls=1 103 
* 38
* 1
+11 1
-5 1
-7 1
+6 1
+2 1
-1 1
+5 1
+2 1
-1 1
+1 10
+2 8
+4 1
+2 1
-2 2
-5 8
+9 3
+3 1
cfi=(31)
cfn=(160) _dl_determine_tlsoffset
calls=1 138 
* 71
+7 1
cfi=(31)
cfn=(162) _dl_allocate_tls_storage
calls=1 354 
* 439
+1 1
-1 1
+1 1
+6 1
+3 1
-3 1
+3 6
+3 1
+2 1
+1 2

fn=(150)
513 2
+2 4
cfi=(43)
cfn=(152)
calls=1 380 
* 2739
* 2
+4 2

fn=(102)
480 1
+2 1
-2 1
+3 8
cfi=(22)
cfn=(104)
calls=1 2167 
* 2358
* 1
+2 2

fn=(98)
648 8

fl=(21)
fn=(62)
84 4
+1 1

fl=(130) /build/glibc-t3gR2i/glibc-2.23/elf/dl-fini.c
fn=(542) _dl_fini
130 8
+17 1
+3 15
+3 2
cfi=(2)
cfn=(50)
calls=1 688 
* 2
+2 1
+3 2
+2 6
+8 1
-3 1
+3 8
+7 8
+2 8
+2 4
+1 4
+5 4
-6 4
-6 4
+8 4
-8 9
+14 9
+1 2
+4 1
31 1
+2 1
192 1
33 1
+6 1
-1 1
+2 1
-2 2
+1 8
+1 1
cfi=(27)
cfn=(74)
calls=1 +13 
* 15
* 1
+77 15
+3 16
cfi=(27)
cfn=(74)
calls=2 -67 
* 37
* 6
-76 9
+1 9
+4 12
+6 6
+1 6
+2 15
+1 7
+2 9
+1 6
201 3
cfi=(2)
cfn=(52)
calls=1 694 
* 2
+5 3

ob=(2)
fl=(16)
fn=(402) 0x0000000004c498a8
0 9
cob=(3)
cfi=(80) /build/glibc-t3gR2i/glibc-2.23/malloc/malloc.c
cfn=(404) free
calls=9 2932 
0 561

fn=(554) 0x0000000000400c80
0 3

fn=(84)
0 2
cob=(1)
cfi=(17)
cfn=(86)
calls=2 120 
0 12

fn=(272) 0x00000000004004d0
0 6

fn=(324) 0x0000000004c498a0
0 16
cob=(3)
cfi=(80)
cfn=(326) malloc
calls=16 2900 
0 61960

ob=(1)
fl=(130)
fn=(542)
81 4
208 1
+2 3
-2 3
+2 9
+3 8
+3 12
+4 4
+9 2
+3 2
-3 2
+3 4
+2 8
+1 4
cob=(4)
cfi=(54)
cfn=(556) 0x0000000000000610
calls=1 0 
* 78
cob=(5)
cfi=(64)
cfn=(544) 0x0000000000400620
calls=1 0 
* 16
-1 8
+5 4
+1 6
cob=(2)
cfi=(16)
cfn=(576) 0x0000000004a287b8
calls=1 0 
* 3
cob=(2)
cfi=(16)
cfn=(554)
calls=1 0 
* 3
+6 24
+16 8
-56 11
+11 6
92 9
+21 3
-57 8
268 4
+2 1
-2 2
+6 2
+7 8

fl=(31)
fn=(162)
354 3
+2 1
+11 3
cfi=(17)
cfn=(44)
calls=1 52 
* 76
* 1
+1 2
+7 2
+4 1
-57 1
+57 296
-58 2
+1 2
cfi=(17)
cfn=(36)
calls=1 103 
* 38
* 1
+1 2
+3 1
+6 2
+64 5

fn=(160)
138 7
+6 3
+3 2
+36 3
+2 10
+3 1
-1 1
+5 2
-5 3
+3 3
+2 5
+16 3
+2 2
-2 2
+2 2
+10 1
-37 2
+25 1
-25 4
+40 4
+1 1
+51 1
+1 8

fn=(198)
890 3
+9 1
-9 1
+6 2
+8 5
+41 1
+1 3
+1 4

fn=(200)
450 2
-1 7
+5 1
+6 3
-6 1
+6 1
-4 1
+16 1
-15 3
+20 6
+6 16
+3 1
+1 2
+6 3
+3 1
-2 2
+2 4
+1 1
+3 1
-1 3
+4 2
+1 4
+2 2
+9 6
cfi=(25)
cfn=(70)
calls=1 61 
* 23
* 4
cfi=(27)
cfn=(74)
calls=1 53 
* 30
* 2
-38 3
+52 2
+2 1
+1 8

fn=(90)
115 2
+1 2

fn=(146)
49 1
+3 4
+48 1
+4 2

fl=(10)
fn=(18)
31 6

ob=(2)
fl=(16)
fn=(214)
0 6

fn=(562) 0x0000000004a28570
0 1
cob=(3)
cfi=(131) /build/glibc-t3gR2i/glibc-2.23/stdlib/cxa_finalize.c
cfn=(564) __cxa_finalize
calls=1 31 
0 56

fn=(576)
0 3

ob=(1)
fl=(10)
fn=(18)
31 1
+8 1
-6 2
+7 1

ob=(5)
fl=(64)
fn=(376) printFileType(stat)
0 16
cob=(1)
cfi=(65)
cfn=(259)
calls=1 64 
0 1308
0 5
0 4

fn=(250)
0 11
cob=(1)
cfi=(65)
cfn=(258)
calls=1 64 
0 112530
0 5

fn=(270) __libc_csu_init
0 15
cob=(2)
cfi=(16)
cfn=(272)
calls=1 0 
0 6
0 8
cfn=(276) 0x0000000000400640
calls=1 0 
0 16
0 11

fn=(372) strmode(unsigned int, char*)
0 8
cfn=(374) ftypelet(unsigned int)
calls=1 0 
0 11
0 101

fn=(374)
0 11

fn=(290) main
0 17
cfn=(292) stat
calls=1 0 
0 964
0 32
cfn=(300) printInfo(stat)
calls=1 0 
0 109406
0 7

fn=(292)
0 4
cob=(1)
cfi=(65)
cfn=(259)
calls=1 64 
0 955
0 5

fn=(548) 0x00000000004005a0
0 8

fn=(544)
0 5
cfn=(548)
calls=1 0 
0 8
0 3

fn=(276)
0 16

fn=(300)
0 11
cob=(1)
cfi=(65)
cfn=(259)
calls=1 64 
0 62612
0 5
0 5
cob=(3)
cfi=(73)
cfn=(306)
calls=1 28 
0 1040
0 1
0 5
cob=(3)
cfi=(73)
cfn=(306)
calls=1 28 
0 1115
0 1
0 5
cob=(3)
cfi=(73)
cfn=(306)
calls=1 28 
0 1104
0 1
0 5
cob=(3)
cfi=(73)
cfn=(306)
calls=1 28 
0 1095
0 1
0 5
cob=(3)
cfi=(73)
cfn=(306)
calls=1 28 
0 1090
0 1
0 5
cob=(3)
cfi=(73)
cfn=(306)
calls=1 28 
0 1200
0 1
0 5
cob=(3)
cfi=(73)
cfn=(306)
calls=1 28 
0 1090
0 1
0 5
cob=(3)
cfi=(73)
cfn=(306)
calls=1 28 
0 1134
0 1
0 5
cfn=(372)
calls=1 0 
0 120
0 5
cob=(3)
cfi=(73)
cfn=(306)
calls=1 28 
0 1010
0 1
0 3
cob=(3)
cfi=(73)
cfn=(306)
calls=1 28 
0 475
0 1
0 27
cfn=(376)
calls=1 0 
0 1333
0 4
cob=(1)
cfi=(65)
cfn=(259)
calls=1 64 
0 19970
0 5
0 4
cob=(3)
cfi=(73)
cfn=(306)
calls=1 28 
0 948
0 1
0 3
cob=(3)
cfi=(94)
cfn=(394)
calls=1 24 
0 6020
0 1
0 4
cob=(3)
cfi=(73)
cfn=(306)
calls=1 28 
0 967
0 1
0 3
cob=(3)
cfi=(94)
cfn=(394)
calls=1 24 
0 6020
0 1
0 4
cob=(3)
cfi=(73)
cfn=(306)
calls=1 28 
0 919
0 1
0 6

ob=(3)
fl=(122) /build/glibc-t3gR2i/glibc-2.23/time/offtime.c
fn=(520) __offtime
30 30
+4 54
+1 12
+2 12
+10 48
+1 12
+1 48
+1 12
-1 6
+1 6
+2 6
-2 6
+2 6
-2 6
+2 48
+1 18
+1 6
+1 6
+5 6
+3 6
-3 6
+3 90
+3 486
+3 6
-3 18
-6 96
+11 6
+1 6
-1 6
+1 18
-30 18
+37 12
-1 6
+1 36
+1 198
+4 6
-1 6
+2 6
-1 6
+2 6
-2 6
+2 24

fl=(81) /build/glibc-t3gR2i/glibc-2.23/malloc/hooks.c
fn=(328) malloc_hook_ini
29 4
fi=(82) /build/glibc-t3gR2i/glibc-2.23/malloc/arena.c
260 1
fe=(81)
30 1
fi=(82)
260 1
fe=(81)
30 1
fi=(82)
260 1
fi=(80)
2909 7
+2 3
cfn=(344) _int_malloc
calls=1 3347 
* 1034
+3 1
-3 1
+3 1
+8 4
+2 11
fe=(81)
33 4
fi=(80)
2909 6
+12 1
cfi=(82)
cfn=(332) ptmalloc_init.part.5
calls=1 258 
* 58122
* 1
-15 2
fe=(81)

fl=(128) /build/glibc-t3gR2i/glibc-2.23/stdlib/exit.c
fn=(536) exit
104 1
-1 1
+1 2
cfn=(538) __run_exit_handlers
calls=1 -69 
* 893

fn=(538)
35 8
+5 1
cfi=(129) /build/glibc-t3gR2i/glibc-2.23/stdlib/cxa_thread_atexit_impl.c
cfn=(540) __call_tls_dtors
calls=1 145 
* 11
* 1
+6 8
+4 6
+3 1
-1 1
+2 5
+33 1
+1 1
-1 1
+1 1
+6 2
+1 5
cfi=(77) /build/glibc-t3gR2i/glibc-2.23/libio/genops.c
cfn=(578) _IO_cleanup
calls=1 948 
* 248
* 3
+2 2
cfi=(133) /build/glibc-t3gR2i/glibc-2.23/posix/../sysdeps/unix/sysv/linux/_exit.c
cfn=(588) _Exit
calls=1 -70 
* 5
-19 1
+4 1
-4 1
+2 1
+2 1
-2 2
+2 1
cob=(1)
cfi=(130)
cfn=(542)
calls=1 +48 
* 573
+1 1

fl=(46)
fn=(178)
38 1
-1 1
+1 6
fi=(47) /build/glibc-t3gR2i/glibc-2.23/time/../sysdeps/generic/dl-hash.h
+10 3
+14 4
-17 3
+3 9
+14 12
-17 9
fe=(46)
-7 3
+3 2
-3 1
+3 1
cfi=(48) /build/glibc-t3gR2i/glibc-2.23/elf/../sysdeps/unix/sysv/linux/dl-vdso.c
cfn=(182) _dl_vdso_vsym
calls=1 -14 
* 6
+1 3
+1 2

fl=(113) /build/glibc-t3gR2i/glibc-2.23/libio/iofclose.c
fn=(470) fclose@@GLIBC_2.2.5
39 3
+14 1
-14 1
+14 2
+9 4
cfi=(76) /build/glibc-t3gR2i/glibc-2.23/libio/fileops.c
cfn=(482) _IO_file_finish@@GLIBC_2.2.5
calls=1 200 
* 27
+1 3
+18 6
+3 2
cob=(2)
cfi=(16)
cfn=(402)
calls=1 -84 
* 145
+4 5
-34 1
cfi=(77)
cfn=(472) _IO_un_link
calls=1 +6 
* 61
+2 5
+1 2
+1 2
cfi=(76)
cfn=(474) _IO_file_close_it@@GLIBC_2.2.5
calls=1 160 
* 226
* 3
fi=(93) /build/glibc-t3gR2i/glibc-2.23/libio/libioP.h
866 2
+1 3
fe=(113)
78 2

fl=(129)
fn=(540)
145 3
+1 4
+18 4

fl=(63)
fn=(246)
33 3
+1 1

fl=(118) /build/glibc-t3gR2i/glibc-2.23/stdio-common/vfscanf.c
fn=(502) _IO_vfscanf
279 30
+11 3
-11 6
+11 6
+1 3
fi=(121) /build/glibc-t3gR2i/glibc-2.23/stdio-common/../include/scratch_buffer.h
79 3
fe=(118)
291 3
fi=(121)
78 12
fe=(118)
341 18
+6 9
+3 15
+4 3
+20 3
-20 3
+20 3
-13 6
+6 3
+2 9
+5 3
-5 3
+5 18
2671 3
315 3
-30 3
-1 6
+95 3
2671 3
2215 6
334 6
-4 3
-1 3
-1 6
-1 3
-32 3
-12 3
2215 3
383 27
+37 27
+23 9
+1 9
-1 9
+1 9
+3 15
+7 6
3024 15
fi=(121)
86 15
fe=(118)
3027 9
+3 6
+17 12
+6 27
449 12
347 6
466 6
223 6
+1 12
489 24
-6 18
+24 12
+21 6
+7 6
-7 18
+10 60
-84 15
+4 12
618 12
+5 12
-1 6
+1 6
+1 24
+3 3
+1 12
-1 6
+1 3
-1 3
+1 15
+6 18
+3 6
-3 6
+3 9
-3 6
+3 3
+1 6
+1 15
-1 3
+1 12
+4 3
-4 6
cfi=(77)
cfn=(504) _IO_sputbackc
calls=3 +34 
* 45
+4 24
542 12
+6 6
+76 9
+19 24
507 54
+31 6
1404 27
+5 3
-5 3
+5 6
+9 15
1748 15
fi=(121)
114 12
fe=(118)
1739 18
+2 6
+5 27
+64 9
+7 9
+1 6
+28 6
261 6
+3 12
1850 6
+17 3
+1 9
-1 3
+1 3
-1 6
+7 9
+3 12
+2 6
2458 9
643 3
+16 12
+5 6
1392 3
-1 3
+1 3
1743 3
261 9
+3 9
1805 12
+2 24
cfi=(77)
cfn=(506) __uflow
calls=3 348 
* 141
* 24
1441 9
+3 12
1871 3
cfi=(119) /build/glibc-t3gR2i/glibc-2.23/stdlib/../stdlib/strtol.c
cfn=(512) __strtoul_internal
calls=3 98 
* 339
* 3
1444 9
1896 6
-76 12
+78 6
+1 33
+1 6
666 6
+2 6
+1 42

fl=(45)
fn=(176)
109 1
+1 1
+1 1
+1 1
+10 1

fn=(186)
129 1
+1 1
+1 1
+1 1
+10 1

fl=(51)
fn=(192)
37 1
-1 1
+1 6
fi=(47)
+11 3
+14 4
-17 3
+3 9
+14 12
-17 9
fe=(51)
-8 3
+3 2
-3 1
+3 1
cfi=(48)
cfn=(182)
calls=1 -13 
* 6
+1 3
+1 2

fl=(68) /build/glibc-t3gR2i/glibc-2.23/stdlib/cxa_atexit.c
fn=(268) __new_exitfn
73 2
+6 1
-6 1
+6 1
-6 1
+6 4
+2 6
+2 3
-2 1
+10 2
-10 2
+45 1
+1 1
+3 4
+3 5
-21 1
+1 2

fn=(266) __cxa_atexit
57 5
-22 1
+22 1
-22 1
cfn=(268)
calls=1 +38 
* 38
+2 2
+4 1
+3 1
+1 1
-4 2
+2 1
+4 1
+1 1
+11 4

fl=(109) /build/glibc-t3gR2i/glibc-2.23/misc/../sysdeps/unix/syscall-template.S
fn=(462) lseek
84 4
+1 1

fl=(114) /build/glibc-t3gR2i/glibc-2.23/stdio-common/sscanf.c
fn=(494) sscanf
27 21
+4 3
+1 3
-1 15
+1 3
cfi=(115) /build/glibc-t3gR2i/glibc-2.23/libio/iovsscanf.c
cfn=(496) vsscanf
calls=3 * 
* 2430
+4 6

fl=(96) /build/glibc-t3gR2i/glibc-2.23/time/tzset.c
fn=(486) __tzstring
128 114
+1 19
cfi=(92) /build/glibc-t3gR2i/glibc-2.23/string/../sysdeps/x86_64/strlen.S
cfn=(384) strlen
calls=19 -63 
* 304
-32 19
+32 19
-32 111
+1 270
+2 80
+1 160
-1 80
+1 160
cfi=(105) /build/glibc-t3gR2i/glibc-2.23/string/../sysdeps/x86_64/multiarch/../memcmp.S
cfn=(448) __GI_memcmp
calls=80 -77 
* 2011
* 160
-4 240
+9 16
cob=(2)
cfi=(16)
cfn=(324)
calls=8 0 
* 1472
+1 8
-1 8
+1 8
+5 8
-2 8
+1 8
+1 32
cfi=(99) /build/glibc-t3gR2i/glibc-2.23/string/../sysdeps/x86_64/multiarch/../memcpy.S
cfn=(408) __GI_memcpy
calls=8 -51 
* 174
+1 8
+3 16
+14 48
-24 2
cob=(2)
cfi=(16)
cfn=(324)
calls=1 0 
* 328
+1 1
-1 1
+1 1
+5 1
-2 1
+1 1
+1 4
cfi=(99)
cfn=(408)
calls=1 -51 
* 23
+1 1
+5 1
+12 1
-12 1
+12 15
-12 10
+12 50

fn=(490) __tzset_parse_tz
351 6
+2 3
-2 6
+2 3
-2 6
+2 3
+4 3
-6 6
+2 3
+4 3
-4 39
+1 3
+3 3
-3 6
+3 3
cfn=(492) parse_tzname
calls=3 182 
* 945
* 6
220 3
+2 18
+14 6
-3 3
+1 3
-1 3
-3 3
+4 3
+2 6
-1 3
+1 33
cfi=(114)
cfn=(494)
calls=3 27 
* 2481
* 12
+2 12
cfn=(518) compute_offset
calls=3 -64 
* 39
+12 3
-12 6
+12 3
-12 3
+12 3
360 6
+26 3
+1 9
-1 3
+1 6
155 6
+1 6
+1 6
+1 3
+3 3
cfi=(92)
cfn=(384)
calls=3 -95 
* 48
+1 3
-1 3
+1 3
cfi=(92)
cfn=(384)
calls=3 -96 
* 48
+1 9
+2 6
392 24
227 18

fn=(518)
174 36
+1 3

fn=(398) __tz_convert
610 6
-4 6
+10 3
-10 18
+10 3
-10 3
+10 12
+5 15
407 3
-3 3
+3 3
cfi=(97) /build/glibc-t3gR2i/glibc-2.23/stdlib/getenv.c
cfn=(400) getenv
calls=3 34 
* 1356
+7 3
-7 3
+7 3
+23 3
-4 3
+1 3
+3 3
cob=(2)
cfi=(16)
cfn=(402)
calls=3 0 
* 220
+1 6
cfi=(98) /build/glibc-t3gR2i/glibc-2.23/string/strdup.c
cfn=(406) strdup
calls=3 40 
* 598
+3 9
-3 3
+3 3
cfi=(100) /build/glibc-t3gR2i/glibc-2.23/time/tzfile.c
cfn=(410) __tzfile_read
calls=3 104 
* 13288
+1 9
624 18
cfi=(100)
cfn=(488) __tzfile_compute
calls=3 +19 
* 5151
+12 12
+2 6
+2 9
+7 12
cfi=(122)
cfn=(520)
calls=3 30 
* 711
* 6
+1 6
+6 24
425 3
+6 6

fn=(492)
182 21
+1 3
+2 24
+2 3
-2 15
+2 6
-2 36
+4 6
-92 30
+1 54
+2 18
+1 36
-1 18
+1 36
cfi=(105)
cfn=(448)
calls=18 -77 
* 513
* 36
-4 45
208 15
+2 3
+2 6
-1 3
+1 18

fn=(522) __tz_compute
558 3
-1 18
+1 3
-1 3
-86 12
+15 3
-10 6
+1 51
+11 12
-17 6
+5 6
+1 42
+11 3
-11 9
+11 9
+59 6
+1 3
-1 6
+14 6
+7 12
+6 18
+2 3
-1 3
+1 9
+1 18
+2 21
-76 9
+44 6
+1 3
-1 3
-76 3
+76 3
-76 3
+32 12

fl=(50)
fn=(190)
30 1
+1 1
+1 1
+1 1
+1 1
+1 1

fl=(88) /build/glibc-t3gR2i/glibc-2.23/io/../sysdeps/unix/syscall-template.S
fn=(364) write
84 54
cfn=(366) __write_nocancel
calls=27 * 
* 135

fn=(366)
84 135

fl=(126) /build/glibc-t3gR2i/glibc-2.23/stdio-common/printf-parse.h
fn=(530) read_int
73 18
+12 18
-12 36
+2 126
+18 18

fl=(79) /build/glibc-t3gR2i/glibc-2.23/io/../sysdeps/unix/sysv/linux/wordsize-64/fxstat.c
fn=(322) _fxstat
34 3
-1 3
+1 3
+1 18
+4 3

fl=(110) /build/glibc-t3gR2i/glibc-2.23/libio/ftello.c
fn=(464) ftello
35 1
+3 1
-3 1
+3 2
+1 5
cfi=(108) /build/glibc-t3gR2i/glibc-2.23/libio/ioseekoff.c
cfn=(454) _IO_seekoff_unlocked
calls=1 +1 
* 47
* 1
+1 3
+22 2
fi=(111) /build/glibc-t3gR2i/glibc-2.23/libio/../libio/libioP.h
866 2
fe=(110)
46 3

fl=(89) /build/glibc-t3gR2i/glibc-2.23/stdio-common/_itoa.c
fn=(368) _itoa_word
168 96
+2 48
+9 756
+9 48

fl=(131)
fn=(564)
31 4
+17 1
-17 4
+4 4
+4 6
-4 3
+32 4
+4 6
-4 3
+12 2
+3 1
-2 1
+2 6
-2 1
cfi=(132) /build/glibc-t3gR2i/glibc-2.23/nptl/unregister-atfork.c
cfn=(566) __unregister_atfork
calls=1 -52 
* 10

fl=(103) /build/glibc-t3gR2i/glibc-2.23/libio/fileno.c
fn=(432) fileno
35 5
+7 1

fl=(82)
fn=(332)
258 6
+13 1
-8 1
+8 1
+6 3
+2 5
+16 2
-56 67
-18 204
+2 134
+1 2
+1 2
340 2
+6 2
+1 2
+2 1
+1 7
-78 5
cfi=(83) /build/glibc-t3gR2i/glibc-2.23/elf/dl-addr.c
cfn=(334) _dl_addr
calls=1 126 
* 57669
* 2
+1 4

fl=(115)
fn=(496)
32 21
+6 6
-6 3
+6 9
-2 3
+2 3
cfi=(77)
cfn=(416) _IO_no_init
calls=3 599 
* 132
+1 3
+1 12
-1 3
+1 3
cfi=(116) /build/glibc-t3gR2i/glibc-2.23/libio/strops.c
cfn=(498) _IO_str_init_static_internal
calls=3 -4 
* 207
+1 15
cfi=(118)
cfn=(502)
calls=3 279 
* 1992
+2 18

fl=(117) /build/glibc-t3gR2i/glibc-2.23/string/../sysdeps/x86_64/rawmemchr.S
fn=(500) rawmemchr
25 3
+1 3
+2 3
+1 3
+2 3
+1 3
+2 3
+1 3
+2 3
+1 3
+2 3
+1 3
+2 3
183 3
+1 3
+1 3

fl=(120) /build/glibc-t3gR2i/glibc-2.23/stdlib/../stdlib/strtol_l.c
fn=(514) ____strtoul_l_internal
227 27
+26 6
+22 3
-1 3
+10 12
+9 18
+2 6
+5 6
+5 3
-6 3
+6 3
+4 6
+10 6
+10 9
526 24
326 6
-79 3
371 3
+3 6
+61 3
-61 3
+1 3
-1 3
+1 6
+60 9
+16 3
+3 3
+1 3
+18 3
-18 3
-4 9
+4 6
-4 6
-14 9
-4 6
+2 15
+44 6
+5 6
+1 3
+12 6
-32 9
+3 12
+5 3
+1 12
+34 18
348 9

fl=(86) /build/glibc-t3gR2i/glibc-2.23/misc/sbrk.c
fn=(352) sbrk
34 2
+8 2
-8 6
+8 9
+4 4
+4 6
+12 5
-19 2
cfi=(87) /build/glibc-t3gR2i/glibc-2.23/misc/../sysdeps/unix/sysv/linux/x86_64/brk.c
cfn=(354) brk
calls=1 -12 
* 12
* 4
+15 2
cfi=(87)
cfn=(354)
calls=1 -27 
* 12
* 2
+4 5

fl=(67)
fn=(264)
134 7
+4 1
-4 3
+4 3
+82 1
-82 1
+82 1
+1 4
cfi=(68)
cfn=(266)
calls=1 57 
* 60
+22 4
+3 2
+1 5
cob=(5)
cfi=(64)
cfn=(270)
calls=1 0 
* 56
+4 4
+15 2
+12 2
cfi=(69) /build/glibc-t3gR2i/glibc-2.23/setjmp/../sysdeps/x86_64/bsd-_setjmp.S
cfn=(284) _setjmp
calls=1 30 
* 30
+1 2
+5 2
+1 2
+3 2
+3 6
cob=(5)
cfi=(64)
cfn=(290)
calls=1 0 
* 110426
+34 2
cfi=(128)
cfn=(536)
calls=1 104 
* 897
138 2

fl=(87)
fn=(354)
31 16
+8 2
-6 4
+7 2

fl=(123) /build/glibc-t3gR2i/glibc-2.23/time/asctime.c
fn=(524) asctime
36 6
+50 3
-37 9
+10 3
-3 36
+1 3
-1 36
cfi=(124) /build/glibc-t3gR2i/glibc-2.23/stdio-common/snprintf.c
cfn=(526) snprintf
calls=3 -28 
* 9405
+7 9
+2 6
+3 3
+20 6
-32 9

fl=(132)
fn=(566)
28 4
+8 1
+3 2
+82 3

fl=(94)
fn=(394)
24 3
+3 3
cfi=(95) /build/glibc-t3gR2i/glibc-2.23/time/localtime.c
cfn=(396) localtime
calls=3 +12 
* 21561
+1 3
-1 6
cfi=(123)
cfn=(524)
calls=3 +9 
* 9534

fl=(97)
fn=(400)
34 24
+1 3
cfi=(92)
cfn=(384)
calls=3 +31 
* 48
* 3
+4 21
+3 6
+49 27
-24 3
+6 3
+2 3
-3 3
+3 810
+9 402

fl=(119)
fn=(512)
98 9
cfi=(120)
cfn=(514)
calls=3 227 
* 330

fl=(73)
fn=(306)
28 112
+4 14
+1 28
-1 70
+1 42
cfi=(74) /build/glibc-t3gR2i/glibc-2.23/stdio-common/vfprintf.c
cfn=(308) vfprintf
calls=14 1236 
* 74566
+4 28

fl=(125) /build/glibc-t3gR2i/glibc-2.23/libio/vsnprintf.c
fn=(528) vsnprintf
95 24
+9 3
-5 3
+5 12
+6 18
cfi=(77)
cfn=(416)
calls=3 599 
* 132
+1 3
+2 12
-2 3
+1 3
+1 3
cfi=(116)
cfn=(498)
calls=3 -77 
* 159
+1 12
cfi=(74)
cfn=(308)
calls=3 1236 
* 8934
+2 9
+1 6
+2 21

fl=(78) /build/glibc-t3gR2i/glibc-2.23/libio/filedoalloc.c
fn=(318) _IO_file_doallocate
95 10
+15 12
cfi=(76)
cfn=(320) _IO_file_stat
calls=2 1229 
* 28
* 4
+2 8
+11 6
+4 4
cob=(2)
cfi=(16)
cfn=(324)
calls=2 0 
* 59401
* 2
+2 2
-1 4
+2 8
cfi=(77)
cfn=(356) _IO_setb
calls=2 380 
* 36
+1 2
+1 10
-15 1
-2 9
+5 2

fl=(124)
fn=(526)
28 18
+4 3
+1 3
-1 15
+1 3
cfi=(125)
cfn=(528)
calls=3 +62 
* 9357
+4 6

fl=(61)
fn=(242) intel_check_word
133 8
+6 4
-7 20
+7 16
-7 4
+7 4
+2 4
-2 4
+2 4
+68 8
+3 24
-69 4
+2 8
-2 6
+2 12
+8 20
+51 16
+22 8
fi=(62) /build/glibc-t3gR2i/glibc-2.23/string/../bits/stdlib-bsearch.h
27 8
+1 16
+3 16
+1 8
fe=(61)
+89 16
fi=(62)
-90 12
+1 6
fe=(61)
+89 12
+3 54
fi=(62)
-95 44
+2 44
-2 44
+2 80
+1 40
fe=(61)
+89 80
251 8
141 16
-6 2
256 24
fi=(62)
37 10
-8 24
fe=(61)
165 6
+3 6
+4 4
+2 4
+1 14
+2 7
-12 2
+12 2
+1 10
+1 10
+1 6
+17 3
-32 9
+3 9
+4 6
+2 6
+1 12
+2 12
+5 2
+2 4
+2 32

fn=(238)
482 2
+12 1
-12 3
+12 3
+2 4
cfn=(240) handle_intel
calls=1 262 
* 455
+4 2
-4 1
+4 1
cfn=(240)
calls=1 262 
* 547
+2 1
-2 1
-1 1
+3 1
+9 2
+2 1
+1 1
+2 1
+5 2
+9 4
-9 4
+9 16
-9 12
+6 8
+69 4
+1 5
+55 2
+2 1
+1 1
+2 1
-3 1
+5 1
-5 1
+4 3
+4 2
+2 1
+1 1
+2 1
-3 1
+5 1
-5 1
+4 2
+3 1
-3 1
+3 5
532 1
+32 1
-26 6
+7 5
+2 1
+1 1
+1 2
-4 4
+2 1
+1 1
+1 6
+2 2
-6 2
+6 2
+5 1
+2 2
+1 1
-1 1
+1 3
+6 1
-1 1
+1 5

fn=(240)
262 4
-1 4
+17 2
-17 12
+14 2
+1 4
-3 6
+23 8
cfn=(242)
calls=2 133 
* 666
+1 4
+3 10
cfn=(242)
calls=2 133 
* 238
+1 4
-17 4
+5 2
-5 6
+5 2
+2 2
+1 2
-1 4
+27 16

fl=(77)
fn=(386) __overflow
230 3
+2 3
cfi=(76)
cfn=(314) _IO_file_overflow@@GLIBC_2.2.5
calls=1 808 
* 134

fn=(444) _IO_switch_to_get_mode
176 4
-1 4
+1 2
+3 6
+5 2
-1 4
+1 2
+7 2
-4 2
+2 4
+2 2
+1 2
+1 4

fn=(472)
60 4
-1 4
+5 6
+1 10
+2 1
-2 1
+1 1
+1 1
-2 1
+2 1
-2 1
+2 1
+4 2
+13 1
+2 1
-2 1
+2 1
+2 1
-1 1
+1 8
+1 2
+3 5
-6 2
-17 3
+4 1
+1 1
-1 2

fn=(484) _IO_default_finish
639 4
+2 3
+6 3
+3 3
60 2
662 4

fn=(506)
348 3
+2 9
+6 18
+3 6
+2 6
+6 6
+7 6
+1 3
-1 6
cfn=(508) _IO_default_uflow
calls=3 +39 
* 63
-24 6
+22 9

fn=(356)
380 27
+1 38
+3 9
+2 36
-3 9
+3 18
+3 30
-7 1
cob=(2)
cfi=(16)
cfn=(402)
calls=1 0 
* 133
* 5

fn=(440) __underflow
316 2
+2 7
+6 12
+3 4
+2 4
+6 4
+7 4
+1 2
-1 4
cfi=(76)
cfn=(442) _IO_file_underflow@@GLIBC_2.2.5
calls=2 539 
* 138
-24 2
+22 6

fn=(580) _IO_flush_all_lockp
760 8
+6 3
+11 2
+16 2
-17 2
-1 2
+1 3
-1 1
+1 1
+3 9
+10 6
+4 3
-2 3
+2 6
+7 3
-27 6
+31 2
+2 2
+4 9
-38 1
-6 1
+5 1
+2 2
+6 12

fn=(316) _IO_doallocbuf
395 4
-1 6
+3 8
+1 6
cfi=(78)
cfn=(318)
calls=2 95 
* 59549
* 4
+3 8

fn=(418) _IO_old_init
586 7
-16 7
+1 7
+15 7
+5 7
-21 7
+2 7
+1 7
+1 7
+17 7
-16 7
+1 7
+1 7
+1 7
+1 7
+1 7
+2 7
+1 7
+1 7
+1 7
+6 7
+1 10

fn=(360) _IO_default_xsputn
425 134
-3 610
+8 400
+2 144
+3 96
+10 144
+5 144
-1 96
+1 81
-1 54
+2 144
+2 48
+2 395
cfi=(76)
cfn=(314)
calls=39 808 
* 1388
* 78
+2 39
-2 78
+4 61
+1 61
-1 61
+1 317

fn=(416)
599 63
+1 7
cfn=(418)
calls=7 -14 
* 157
+3 7
-2 7
+2 7
+2 1
+1 1
+1 1
+1 1
+1 1
+1 1
+1 1
+1 1
+1 1
+1 1
+1 1
+1 1
+2 1
+7 1
+1 6
-1 6
+1 36
-3 12

fn=(422) _IO_link_in
98 6
-1 2
+3 2
-3 1
+5 1
-2 1
+2 5
+1 10
+2 1
-2 1
+1 1
+1 1
-2 1
+2 1
-2 1
+2 13
+2 1
-2 1
+4 1
+2 1
-3 1
-1 1
+4 7
+2 1
-1 1
+1 8
+1 2
+3 5
-6 7

fn=(436) _IO_sgetn
467 66
cfi=(76)
cfn=(438) _IO_file_xsgetn
calls=22 1360 
* 2083

fn=(508)
413 3
-1 6
+1 3
cfi=(116)
cfn=(510) _IO_str_underflow
calls=3 144 
* 39
+1 6
+3 6

fn=(458) _IO_unsave_markers
1049 2
-2 2
+2 2
+19 6
+2 2

fn=(504)
673 3
+3 3
-3 3
+3 6
+1 12
+9 3
+3 6
-10 9

fn=(578)
948 2
+3 1
-3 2
-50 1
+50 1
+3 1
cfn=(580)
calls=1 760 
* 90
-63 1
+63 1
-63 2
+10 3
+8 5
+2 2
+2 1
+1 1
-1 1
+2 2
+3 5
cfi=(76)
cfn=(582) _IO_file_setbuf@@GLIBC_2.2.5
calls=1 450 
* 66
+2 3
+4 2
+7 3
-40 9
+2 6
+2 7
+6 12
+65 7
-42 3
+1 8

fn=(584) _IO_default_setbuf
522 4
+1 1
-1 2
+1 1
cfi=(76)
cfn=(586) _IO_file_sync@@GLIBC_2.2.5
calls=1 868 
* 13
* 2
+9 1
-7 1
+7 1
-7 1
388 1
-5 1
+1 1
+4 1
535 1
+2 1
-2 2
+1 3
+2 4
381 1
527 1
+1 1
-1 1
+1 1
381 4

fl=(55)
fn=(226)
52 8
+6 3
+14 1
fi=(57) /build/glibc-t3gR2i/glibc-2.23/csu/../sysdeps/unix/sysv/linux/x86_64/init-first.c
-36 1
fe=(55)
+34 1
+1 1
fi=(57)
-35 3
fe=(55)
+36 1
fi=(57)
-36 3
fi=(56) /build/glibc-t3gR2i/glibc-2.23/csu/../sysdeps/generic/dl-hash.h
+12 3
+14 4
-17 3
+3 9
+14 12
-17 9
fi=(57)
-9 3
+2 2
-2 1
+2 2
cfi=(48)
cfn=(182)
calls=1 -11 
* 6
+1 2
+5 2
-3 2
+1 1
+2 1
cfi=(48)
cfn=(182)
calls=1 -17 
* 6
fe=(55)
+42 3
fi=(57)
-41 2
+1 1
fe=(55)
+40 1
cfi=(58) /build/glibc-t3gR2i/glibc-2.23/misc/init-misc.c
cfn=(232) __init_misc
calls=1 -55 
* 78
+8 1
cfi=(60) /build/glibc-t3gR2i/glibc-2.23/ctype/ctype-info.c
cfn=(236) __ctype_init
calls=1 -63 
* 16
+5 6
-34 1
-7 1
+7 4
fi=(57)
-25 2
fe=(55)

fl=(92)
fn=(384)
66 32
+1 32
+1 32
+1 32
+1 32
+1 32
+1 32
+2 32
+2 32
+30 32
+1 32
+1 32
+1 32
+1 32
+1 31
+1 31
+4 1
+1 1
+1 1
+1 1
+1 1
+1 1
+1 1
+1 1
+1 1
+1 1
+1 1
+1 1
+5 8

fn=(532) strnlen
52 6
+1 6
+7 6
+1 6
+1 6
+1 6
+3 6
+1 6
+1 6
+1 6
+1 6
+1 6
+1 6
+2 6
+2 6
+26 6
+1 84
+29 42
+11 6
+1 6
+1 6
+1 6
+1 6
+1 6

fl=(99)
fn=(408)
61 34
+2 34
+2 34
+3 34
+1 34
+2 13
+1 13
+2 13
+1 13
+5 13
+1 13
-1 21
+1 21
+2 12
+1 12
+2 12
+1 24
+5 12
+1 12
-1 22
+1 22
+2 26
+1 26
+2 26
+1 26
+5 26
+1 26
-1 8
+1 8
+2 6
+1 6
+2 6
+1 6
+5 6
+1 6
-1 28
+1 29
+5 1
+1 1
+1 1
+1 1
+2 1
+2 1
+1 1
+2 1
+8 34
+8 4
+6 4
+2 4
+1 4
+3 2
+1 6
+5 2
+1 2
+2 2
+2 2
+1 2
+2 2
-8 9
+1 9
+2 9
+2 9
+1 9
+2 13
+9 2
+1 2
-1 2
+1 2
+3 4
+1 4
+1 4
+5 13
+2 13
+1 13
+1 13
+1 13
+2 13
+1 13
+1 13
+1 13
+2 13
+1 13
+2 13
+2 11
+2 11
+1 11
+1 11
+1 11
+2 11
+1 11
+1 11
+1 11
+2 11
+1 11
+2 13
+5 1
+6 1
+1 1
-7 3
+6 3
+1 3

fl=(52)
fn=(196)
0 11

fl=(100)
fn=(488)
643 27
+3 3
-3 3
+3 6
+5 3
-3 3
+3 3
-3 3
+1 3
+2 15
+30 9
809 3
+4 3
+8 6
-7 3
+7 9
-2 6
+20 24
683 12
+8 3
cfi=(96)
cfn=(490)
calls=3 351 
* 3906
+4 12
cfi=(122)
cfn=(520)
calls=3 30 
* 711
* 9
+4 12
cfi=(96)
cfn=(522)
calls=3 558 
* 333
+5 21

fn=(410)
104 27
+20 3
-10 3
+3 3
+5 3
+2 3
+3 12
543 24
136 12
+24 6
+1 8
cfi=(72)
cfn=(298)
calls=2 34 
* 20
* 4
+1 6
+6 3
cfi=(101) /build/glibc-t3gR2i/glibc-2.23/libio/iofopen.c
cfn=(412) fopen@@GLIBC_2.2.5
calls=1 -71 
* 537
+1 1
-1 1
+1 1
+4 2
cfi=(103)
cfn=(432)
calls=1 35 
* 6
* 4
cfi=(79)
cfn=(322)
calls=1 34 
* 10
* 2
+6 2
-64 1
+64 1
cob=(2)
cfi=(16)
cfn=(402)
calls=1 0 
* 18
+4 1
-3 1
+3 1
+1 2
+1 1
+3 1
-3 1
+6 5
cfi=(104) /build/glibc-t3gR2i/glibc-2.23/libio/iofread_u.c
cfn=(434) fread_unlocked
calls=1 34 
* 492
* 5
cfi=(104)
cfn=(434)
calls=1 34 
* 222
* 4
+2 8
cfi=(105)
cfn=(448)
calls=2 24 
* 44
* 4
fi=(106) /build/glibc-t3gR2i/glibc-2.23/time/../sysdeps/x86/bits/byteswap.h
47 16
fe=(100)
197 2
fi=(106)
47 2
fe=(100)
201 4
-1 2
fi=(106)
47 10
fe=(100)
196 2
fi=(106)
47 2
fe=(100)
199 2
+4 2
-7 2
+1 2
+1 2
+1 2
+4 2
+4 4
+1 2
+12 6
-9 1
+9 4
cfi=(107) /build/glibc-t3gR2i/glibc-2.23/libio/fseek.c
cfn=(452) fseek
calls=1 32 
* 110
* 2
-74 9
+16 6
+1 6
534 3
-1 3
+1 3
cob=(2)
cfi=(16)
cfn=(402)
calls=3 0 
* 54
* 4
226 3
+5 2
+3 5
+3 3
+1 4
+2 1
+1 2
+3 3
+3 4
+3 1
+1 1
-1 2
+2 1
-2 2
+2 2
+25 10
+5 4
cob=(2)
cfi=(16)
cfn=(324)
calls=1 0 
* 185
+1 1
-1 1
+1 1
+5 1
+1 1
-3 1
+5 3
-3 1
+1 1
+2 1
-2 1
-3 1
+5 1
-2 1
+1 1
-2 1
-2 1
+4 1
+1 1
+19 1
cfi=(104)
cfn=(434)
calls=1 34 
* 389
+1 1
-1 5
+7 2
+1 7
-1 158
+1 315
-23 5
+5 5
+21 4
fi=(106)
111 3
fe=(100)
338 1
-1 2
fi=(106)
111 234
fe=(100)
338 78
-1 156
+4 9
+4 5
cfi=(104)
cfn=(434)
calls=1 34 
* 76
* 80
cfi=(104)
cfn=(434)
calls=16 34 
* 1216
* 34
fi=(112) /build/glibc-t3gR2i/glibc-2.23/time/../libio/bits/stdio.h
65 102
fe=(100)
350 34
+2 68
fi=(112)
65 102
fe=(100)
354 51
+3 17
-16 34
+16 17
fi=(106)
47 34
fe=(100)
358 34
-17 22
+20 8
cfi=(104)
cfn=(434)
calls=1 34 
* 158
* 5
+6 8
-3 2
254 8
cfi=(110)
cfn=(464)
calls=1 35 
* 68
+1 3
+2 1
-1 1
+2 5
-3 2
+8 1
-3 1
+3 3
+1 1
-1 2
+4 1
-1 2
+1 2
+3 5
+2 1
+1 10
+23 8
fi=(112)
65 102
fe=(100)
385 85
-5 53
+7 1
+1 3
-1 2
-4 2
+7 36
fi=(112)
65 102
fe=(100)
395 68
-5 34
+7 4
+4 2
fi=(112)
65 6
fe=(100)
404 2
+58 2
+3 1
-3 1
cfi=(113)
cfn=(470)
calls=1 39 
* 506
* 2
+3 36
+1 17
-1 17
+1 85
cfi=(96)
cfn=(486)
calls=17 128 
* 5472
* 17
-61 8
cfi=(104)
cfn=(434)
calls=1 34 
* 80
* 3
+4 2
+50 1
-50 1
+50 3
+12 1
+2 3
+11 1
-13 1
+1 1
+1 8
+2 8
+1 16
+2 4
-2 4
+2 4
+4 8
cfi=(96)
cfn=(486)
calls=2 128 
* 531
* 4
+2 10
+4 3
+7 2
847 20
+5 29
-1 76
+2 36
+1 2
+2 27
500 3
+29 4
+1 1
-1 1
+1 3
-15 3
-9 2
+9 2
-10 2
+5 13
+3 2
-1 1
+8 4
+3 6
-8 21
+3 2
-1 14

fl=(95)
fn=(396)
39 9
cfi=(96)
cfn=(398)
calls=3 610 
* 21552

fl=(74)
fn=(308)
1236 136
+31 51
+8 52
+4 85
+11 85
+11 17
fi=(126)
108 51
fe=(74)
1316 17
-15 85
fi=(126)
108 17
cfi=(75) /build/glibc-t3gR2i/glibc-2.23/string/../sysdeps/x86_64/strchr.S
cfn=(310) strchrnul
calls=17 -84 
* 808
fe=(74)
1316 17
fi=(126)
108 17
fe=(74)
1312 17
+4 34
+4 136
cfi=(77)
cfn=(360)
calls=3 425 
* 12
cfi=(76)
cfn=(312) _IO_file_xsputn@@GLIBC_2.2.5
calls=14 -33 
* 65233
* 68
1685 76
+1 6
+2 17
+1 136
1275 32
+41 84
+1 196
1685 70
+1 28
1320 34
+4 17
-4 17
+4 34
+4 192
1552 32
-21 32
1632 32
-1 32
1370 510
-7 34
-1 34
-3 34
-1 34
+8 34
+4 34
-3 34
-10 34
-1 34
-1 34
-1 34
-1 34
+14 34
-15 34
-1 34
-1 34
-1 34
+18 68
1649 34
+2 68
+8 34
fi=(126)
108 68
fe=(74)
1659 34
fi=(126)
108 34
fe=(74)
1659 34
fi=(126)
108 68
cfi=(75)
cfn=(310)
calls=34 -84 
* 709
fe=(74)
1663 34
-4 34
+4 374
cfi=(77)
cfn=(360)
calls=21 425 
* 786
cfi=(76)
cfn=(312)
calls=13 1287 
* 2127
* 442
+2 84
-34 1268
cfi=(127) /build/glibc-t3gR2i/glibc-2.23/libio/iopadn.c
cfn=(534) _IO_padn
calls=6 37 
* 450
* 294
cfi=(77)
cfn=(360)
calls=15 425 
* 705
cfi=(76)
cfn=(312)
calls=9 1287 
* 775
* 240
+1 68
-1 147
cfi=(89)
cfn=(368)
calls=9 168 
* 234
* 150
cfi=(89)
cfn=(368)
calls=15 168 
* 714
* 718
cfi=(127)
cfn=(534)
calls=3 37 
* 231
* 87
+1 100
cfi=(77)
cfn=(360)
calls=6 425 
* 318
cfi=(76)
cfn=(312)
calls=4 1287 
* 806
* 100
-44 54
+43 370
+1 106
cfi=(92)
cfn=(532)
calls=6 52 
* 258
* 222
1489 12
cfi=(126)
cfn=(530)
calls=3 73 
* 36
+2 3
-2 3
+2 9
+8 9
+18 12
+3 36
+3 45
+1 45
+26 15
+14 15
-14 30
+38 210
-36 60
cfi=(126)
cfn=(530)
calls=15 73 
* 180
* 15
+4 60
+9 75
+67 90

fl=(83)
fn=(334)
126 9
+5 1
-5 2
+5 2
cob=(1)
cfi=(2)
cfn=(50)
calls=1 688 
* 2
+2 2
cob=(1)
cfi=(65)
cfn=(259)
calls=1 -69 
* 1190
* 5
+2 2
30 1
+1 1
-1 1
+1 1
+3 2
+5 1
+6 1
-7 1
+2 2
+2 1
-2 1
+2 1
+3 1
+5 8
+2 1
+1 2
-1 1010
+1 2020
+2 3628
+9 2010
+7 24
-2 24
+2 2259
-2 2211
+2 5750
-10 11175
+2 8940
+1 14318
+7 1011
-21 2022
+49 3
+1 1
+1 3
+3 2
+37 2
cob=(1)
cfi=(2)
cfn=(52)
calls=1 694 
* 2
+3 9
-28 1
+1 1
+21 2

fl=(102) /build/glibc-t3gR2i/glibc-2.23/string/../string/strstr.c
fn=(428) __GI_strstr
53 7
+10 13
+1 6
-1 10
+2 2
+1 1
+23 8

fl=(107)
fn=(452)
32 1
+3 1
-3 2
+3 2
+1 4
cfi=(108)
cfn=(454)
calls=1 +4 
* 91
* 4
fi=(93)
866 2
fe=(107)
39 3

fl=(127)
fn=(534)
37 18
+8 9
-8 36
+7 18
+2 6
+1 6
-1 6
+8 45
+8 18
+2 45
cfi=(77)
cfn=(360)
calls=9 425 
* 402
+4 9
-3 9
+3 54

fl=(98)
fn=(406)
40 12
+1 3
cfi=(92)
cfn=(384)
calls=3 +25 
* 48
* 3
+1 6
cob=(2)
cfi=(16)
cfn=(324)
calls=3 -42 
* 406
+2 6
+4 3
-1 6
+1 6
-1 6
cfi=(99)
cfn=(408)
calls=3 +14 
* 93

fl=(75)
fn=(310)
24 51
+1 51
+1 51
+1 51
+1 51
+1 51
+1 51
+1 51
+1 49
+1 49
+1 49
+1 49
+1 49
+1 49
+1 49
+1 49
+1 49
+1 36
+2 36
+7 36
+4 13
+1 13
+1 13
+1 13
+1 13
+1 13
+1 13
+1 13
+1 13
+1 13
+1 13
+1 13
+1 13
+1 13
+1 13
+1 13
+1 13
+1 13
+1 13
+1 13
+1 13
+1 13
+1 13
+1 19
+5 3
+1 3
+3 3
+1 3
+1 3
+1 3
+1 3
+1 3
+1 3
+1 3
+1 3
+1 3
+1 3
+1 3
+1 3
+1 3
+1 3
+1 3
+1 3
+1 3
+2 3
+1 3
+2 3
+1 3
+1 3
+1 3
+1 3
+1 3
+1 3
+1 3
+2 3
+1 3
+1 3
+1 3
+1 3
+1 3
+1 3
+1 3
+1 3
+1 3
+3 3
+2 3
+7 3
-9 12
+2 12
+7 12
+4 2
+1 2
+1 2
+1 2
+1 2
+1 2
+1 2
+1 2
+1 2
+1 2
+1 2
+1 2
+1 2
+1 2
+1 2
+1 2
+1 2
+1 2
+1 2
+1 2
+1 2
+1 2
+1 2
+1 2
+1 2
+1 2
+1 2
+1 2
+1 2
+1 2
+1 2
+1 2
+1 2
+1 2
+1 2
+1 2
+1 2
+1 2
+1 1

fl=(85) /build/glibc-t3gR2i/glibc-2.23/malloc/morecore.c
fn=(350) __default_morecore
46 2
+1 2
cfi=(86)
cfn=(352)
calls=2 -13 
* 73
+1 6
+4 4

fl=(59) /build/glibc-t3gR2i/glibc-2.23/string/../sysdeps/x86_64/strrchr.S
fn=(234) rindex
24 1
+1 1
+1 1
+1 1
+1 1
+1 1
+1 1
+1 1
+1 1
+1 1
+1 1
+1 1
+1 1
+1 1
+1 1
+1 1
+1 1
+11 1
+1 1
+1 1
+1 1
+1 1
+1 1
+1 1
+1 1
+1 1
+1 1
+1 1
+1 1
+1 1
+1 1
+1 1
+1 1
+1 1
+1 1
+1 1
+1 1
+1 1
+1 1
+1 1
+1 1
+1 1
+1 1
+1 1
+1 1
+1 1
+1 1
+1 1
+1 1
+1 1
+1 1
+1 1
+1 1
+1 1

fl=(48)
fn=(182)
27 8
+4 8
-3 8

fl=(133)
fn=(588)
27 2
+4 1
+2 2

fl=(60)
fn=(236)
31 5
+2 1
+2 1
-4 1
+4 1
-4 1
+2 3
+2 3

fl=(76)
fn=(456) _IO_file_seekoff@@GLIBC_2.2.5
986 14
+8 4
+6 8
+3 2
+25 2
+89 2
cfi=(77)
cfn=(458)
calls=1 -68 
* 7
+1 6
cfn=(460) _IO_file_seek
calls=1 1223 
* 7
+1 2
+4 1
-2 1
+3 1
-2 1
+1 3
+1 3
+13 16
1003 2
+12 2
+17 2
+2 1
-2 1
+2 2
932 2
+2 2
+2 2
+5 3
+10 2
+1 2
+13 2
+10 2

fn=(476) _IO_file_close
1250 5
+1 1

fn=(582)
450 2
+1 1
cfi=(77)
cfn=(584)
calls=1 +71 
* 51
* 2
+4 2
-1 2
+2 3
+2 1
+1 2

fn=(442)
539 6
+6 6
-14 8
+17 4
+13 4
+20 4
cfi=(77)
cfn=(444)
calls=2 176 
* 40
+6 2
+5 8
-5 4
+1 2
+2 2
-1 4
+3 2
cfn=(446) _IO_file_read
calls=2 1216 
* 16
+2 4
+16 2
-9 2
+9 4
+1 2
+1 2
+1 4
-1 2
+1 4

fn=(362) _IO_file_write@@GLIBC_2.2.5
1258 27
-2 162
+2 108
+4 54
+1 54
+10 81
+3 162
-13 108
cfi=(88)
cfn=(364)
calls=27 84 
* 189
+1 54
+5 27
+1 27
-12 135

fn=(312)
1287 41
-1 82
-6 380
+13 152
+17 4
+4 37
+5 148
cfi=(90) /build/glibc-t3gR2i/glibc-2.23/string/../sysdeps/x86_64/memcpy.S
cfn=(370) __GI_mempcpy
calls=37 61 
* 1140
* 37
+6 37
-1 37
+1 74
+2 74
+27 76
+1 307
-24 5
cfn=(314)
calls=1 808 
* 59372
* 2
+6 52
+1 78
+2 78
+11 52
+1 52
cfi=(77)
cfn=(360)
calls=13 425 
* 2350
* 26
-57 111
+1 74
+3 111
+2 529
-2 318
+39 104
-35 25
+11 125
+17 100
cfn=(314)
calls=25 808 
* 2900
* 50

fn=(426) _IO_file_open
214 6
+3 2
+1 6
+7 2
+3 2
+3 1
-3 1
-1 1
+1 2
+3 1
-3 1
+3 1
+10 2
cfi=(77)
cfn=(422)
calls=1 98 
* 4
+1 1
+1 4

fn=(438)
1360 154
+7 22
-7 22
+7 22
+11 88
+2 66
+1 44
-1 6
+1 4
+8 4
+13 4
+9 6
+1 8
-34 4
+6 22
+68 22
+1 22
-1 22
+1 110
-70 66
cfi=(99)
cfn=(408)
calls=22 61 
* 851
+1 44
+30 4
cfi=(77)
cfn=(440)
calls=2 316 
* 189
* 4
-44 3
+5 2
cfi=(77)
cfn=(316)
calls=1 395 
* 267
* 1

fn=(586)
868 1
+5 1
-5 1
+5 3
+2 1
+1 2
+17 2
+4 2

fn=(314)
808 198
+7 66
-8 330
+8 326
+35 132
+3 80
+3 120
+1 120
+1 160
+4 40
+1 160
-45 2
+12 2
+9 4
+8 1
-4 1
+3 2
-2 2
-3 1
+1 2
+5 1
-1 1
+1 3
+1 2
+12 2
-1 8
cfn=(358) _IO_do_write@@GLIBC_2.2.5
calls=2 494 
* 188
* 4
-8 52
+12 78
-12 26
cfn=(358)
calls=26 494 
* 2354
-31 2
cfi=(77)
cfn=(316)
calls=1 395 
* 59318
+1 6

fn=(358)
494 84
+1 1
-3 216
+11 54
+7 108
+8 135
cfn=(362)
calls=27 1258 
* 1188
* 27
+1 135
+6 27
-4 27
+4 27
-4 81
+1 54
+3 27
-2 27
-29 108
+1 162
+29 54

fn=(424) _IO_file_fopen@@GLIBC_2.2.5
249 7
+11 2
+2 3
+25 20
+41 6
cfn=(426)
calls=1 214 
* 37
+3 1
-3 1
+3 1
+17 3
cfi=(102)
cfn=(428)
calls=1 53 
* 47
+1 1
-1 1
+1 1
-62 6
+30 1
+2 2
-53 1
-1 1
-15 2
425 1
-76 1
+76 7
313 3

fn=(460)
1223 2
cfi=(109)
cfn=(462)
calls=1 84 
* 5

fn=(320)
1229 2
+1 6
cfi=(79)
cfn=(322)
calls=2 34 
* 20

fn=(420) _IO_file_init@@GLIBC_2.2.5
144 2
+4 1
-4 2
+5 1
-1 1
+3 1
cfi=(77)
cfn=(422)
calls=1 -53 
* 81
+1 1
+1 4

fn=(446)
1216 4
-1 10
+2 2

fn=(482)
200 1
+1 1
-1 1
+1 1
+6 2
+1 1
-1 1
cfi=(77)
cfn=(484)
calls=1 639 
* 19

fn=(474)
160 3
-2 2
+9 1
-9 1
+5 5
+6 1
+3 1
-3 1
cfi=(77)
cfn=(458)
calls=1 1049 
* 7
+3 2
+4 3
+9 5
cfi=(77)
cfn=(356)
calls=1 380 
* 162
+1 2
+3 1
-3 1
+1 3
+2 1
cfi=(77)
cfn=(472)
calls=1 60 
* 3
+5 2
-4 1
+1 1
+1 1
+2 1
+1 4
-23 3
cfn=(476)
calls=1 1250 
* 6
* 2

fl=(105)
fn=(448)
24 100
+1 100
+1 100
+1 100
+1 100
+1 100
+1 100
+1 100
+3 100
+1 100
+1 97
+1 97
+1 97
+1 97
+1 97
+1 97
+1 97
+2 51
+1 51
+1 48
+1 48
+1 48
+1 48
+5 3
+1 3
+1 3
+1 3
+1 3
+1 3
+35 49
+4 51
+1 51
+1 36
+1 36
+1 36
+1 36
+1 36
+1 36
+1 36
+1 36
+1 36
+1 36
+1 36
+4 15
+1 15

fl=(90)
fn=(370)
61 37
+4 37
+3 37
+1 37
+2 28
+1 28
+2 28
+1 28
+5 28
+1 28
-1 9
+1 9
+2 11
+1 11
+2 11
+1 11
+5 11
+1 11
-1 26
+1 26
+2 14
+1 14
+2 14
+1 14
+5 14
+1 14
-1 23
+1 23
+2 10
+1 10
+2 10
+1 20
+5 10
+1 10
-1 27
+1 37
+5 10
+1 10
+1 10
+1 10
+2 10
+2 10
+1 10
+2 10
+6 37
+4 37
+12 11
+2 11
+1 11
+26 11
+1 11
+3 11
+1 11
+1 11
+5 11
+2 11
+1 11
+1 11
+1 11
+2 11
+1 11
+1 11
+1 11
+2 11
+1 11
+2 11
+2 2
+2 2
+1 2
+1 2
+1 2
+2 2
+1 2
+1 2
+1 2
+2 2
+1 2
+2 6
+5 2
+2 2
-2 9
+2 9

fl=(69)
fn=(284)
30 1
+2 1
cfi=(70) /build/glibc-t3gR2i/glibc-2.23/setjmp/../sysdeps/x86_64/setjmp.S
cfn=(286) __sigsetjmp
calls=1 -6 
* 28

fl=(58)
fn=(232)
31 2
-1 3
+1 4
+2 3
cfi=(59)
cfn=(234)
calls=1 -9 
* 54
+4 5
+1 3
+2 4

fl=(116)
fn=(498)
36 48
+4 12
+1 9
cfi=(117)
cfn=(500)
calls=3 -16 
* 48
* 3
+5 15
cfi=(77)
cfn=(356)
calls=3 380 
* 54
* 15
cfi=(77)
cfn=(356)
calls=3 380 
* 54
+5 6
-3 6
+1 6
+1 6
+1 6
+2 3
+1 3
+1 3
+9 3
+1 18
-1 3
+1 18
-23 3
+1 12
+16 3
+1 3
+1 6

fn=(510)
144 12
+2 15
+6 6
+3 3
+1 3

fl=(70)
fn=(286)
26 1
+9 1
+1 2
+1 1
+4 1
+1 1
+1 1
+1 1
+1 1
+2 2
+2 1
+1 1
+1 1
+2 2
+2 1
+9 1
cfi=(71) /build/glibc-t3gR2i/glibc-2.23/setjmp/sigjmp.c
cfn=(288) __sigjmp_save
calls=1 -36 
* 9

fl=(101)
fn=(430) __fopen_maybe_mmap
41 1
-2 1
+2 1
+15 1

fn=(414) __fopen_internal
61 6
+8 1
-8 2
+8 1
cob=(2)
cfi=(16)
cfn=(324)
calls=1 -69 
* 184
+2 3
+3 1
+3 4
-3 1
+3 2
cfi=(77)
cfn=(416)
calls=1 599 
* 58
+4 1
+1 1
-1 1
+1 1
cfi=(76)
cfn=(420)
calls=1 +62 
* 94
+4 5
cfi=(76)
cfn=(424)
calls=1 249 
* 156
* 1
+1 1
-1 1
+6 5
-5 1
cfn=(430)
calls=1 -46 
* 4

fn=(412)
97 2
cfn=(414)
calls=1 -36 
* 535

fl=(80)
fn=(326)
2900 48
+5 32
+1 32
+3 120
+2 45
cfn=(344)
calls=15 3347 
* 2051
+3 15
-3 15
+3 15
+8 60
+2 165
+3 60
-18 90
-2 1
+20 3
-20 1
cfi=(81)
cfn=(328)
calls=1 29 
* 59207

fn=(346) malloc_consolidate
4142 2
4994 4
1806 3
-3 2
+3 378
-3 252
+7 3
+5 1
+2 1
-2 2
-1 3

fn=(344)
3347 48
-30 32
+30 16
-30 64
+30 48
-30 16
+30 48
+4 48
+14 32
+2 36
+2 12
-1 12
-1 12
+1 12
+5 24
+3 10
+1 2
-1 2
+1 4
+25 28
+2 33
+1 33
+2 11
-2 11
+2 22
+39 18
+1 6
+1 2
cfn=(346)
calls=1 4142 
* 651
3817 196
-2 14
+2 14
-2 14
+2 28
5000 14
3815 14
+2 14
5002 14
3817 14
5002 14
3817 42
5002 28
3817 56
5000 28
3467 28
+67 1
+51 5
+7 1
-6 1
+1 1
+1 1
+1 1
+3 1
3467 45
+3 9
-1 9
+1 18
+1 18
+3 9
+10 36
+34 1
-5 1
+1 1
+4 1
+13 2
+8 4
+1 4
+1 1
+3 2
3380 10
1877 3
3768 3
1877 6
3831 144
3539 7
-54 18
+1 32
+5 8
-1 8
+5 8
-3 16
+1 8
+1 16
+1 8
+2 8
+1 8
+3 64
+2 24
+1 8
+3 8
1877 24
3582 4
+19 12
+73 12
+1 12
+1 12
+1 12
+1 12
+5 12
+16 4
+2 8
-4 10
+8 1
+3 2
-21 18
+3 20
-3 15
+3 12
-3 6
+3 6
3790 5
+3 5
-2 10
+2 10
+17 2
3603 9
+3 3
-3 3
+3 9
3446 6
1877 4
3692 2
+1 2
-3 3
+27 3
+3 2
+5 1
-3 1
+3 1
-3 1
+3 12
+3 2
+15 1
+1 2
-6 1
+17 1
-6 1
+1 1
+1 1
+1 1
+3 1
+1 1
+1 2
+2 1
+1 1
+2 8
+2 3
+1 2
+60 3
cfn=(348) sysmalloc
calls=1 2266 
* 249
+1 2
-28 4
-3 4
+1 4
+2 4
-1 4
+1 8
+2 4
-2 16
+2 4
+3 4
1877 12
3725 12

fn=(348)
2266 8
+20 1
+11 1
-11 1
+11 1
+1 5
fi=(82)
488 3
fe=(80)
2313 5
+65 1
+1 3
+10 1
-9 1
+9 5
+6 4
+3 3
2721 2
+1 1
+8 4
+5 1
-3 1
+3 1
-2 1
+2 3
+1 1
-1 1
-1 1
+4 1
-3 2
+1 1
+8 9
2461 1
-8 4
+8 1
+21 5
cfi=(85)
cfn=(350)
calls=1 46 
* 62
* 1
+1 1
+3 4
+3 2
+1 2
+20 2
+26 2
+2 2
+6 1
-6 1
+6 1
2319 1
2462 1
+10 5
+8 1
-8 1
+8 1
+67 7
+37 2
+6 3
+19 1
+3 2
+1 5
+2 1
-2 1
+2 1
+1 3
cfi=(85)
cfn=(350)
calls=1 46 
* 25
+12 2
+8 1
+1 1
-1 2
+1 2
+39 1
+1 1
-2 1
+1 3
+12 1
-12 1
+1 1
+11 1
2537 5

fn=(404)
2932 45
+5 18
+1 18
+6 18
+5 4
-2 4
+2 8
+16 12
+1 8
cfn=(478) _int_free
calls=4 3839 
* 372
+1 54

fn=(478)
3839 36
+13 4
-13 4
+13 8
+6 16
+1 8
+11 16
+13 8
+11 8
+1 6
1884 2
3919 2
1884 4
3921 6
+1 4
+4 2
-4 2
+1 2
+9 14
+9 8
+2 2
+2 12
4103 32
3958 4
+1 6
+15 4
+8 6
+6 4
+1 4
+1 4
1884 6
3999 4
+7 4
+5 4
+1 10
+1 1
+11 1
-1 1
+2 2
-1 1
-1 1
+2 2
+7 2
-2 2
+1 2
+1 2
+2 2
+1 2
+2 2
+1 2
+2 6
+1 2
+30 4
3960 10
+8 2
-4 2
+4 6
-7 4
4091 6
+1 6
+1 10
3947 8
+68 2
-3 3
-38 10

fl=(71)
fn=(288)
28 1
+1 1
-1 2
+1 2
+5 3

fl=(91)
fn=(382)
33 4
+2 1
cfi=(92)
cfn=(384)
calls=1 +31 
* 34
+1 1
-1 1
+1 17
+3 3
+1 4
cfi=(76)
cfn=(312)
calls=1 1287 
* 199
* 2
+1 4
+1 4
fi=(93)
866 2
fe=(91)
38 2
fi=(93)
867 8
fe=(91)
46 5
-5 2
cfi=(77)
cfn=(386)
calls=1 230 
* 140
* 2

fl=(72)
fn=(298)
34 3
-1 3
+1 3
+1 18
+4 3

fl=(104)
fn=(434)
34 44
+5 22
-5 22
+1 44
+3 44
+4 132
-2 88
cfi=(77)
cfn=(436)
calls=22 467 
* 2149
+1 88

fl=(49)
fn=(188)
45 1
+1 1
+1 1
+1 1
+1 1
+1 1

fn=(184)
45 1
+1 1
+1 1
+1 1
+1 1
+1 1

fl=(108)
fn=(454)
40 4
-1 6
+10 7
+16 6
+1 4
-1 2
cfi=(76)
cfn=(456)
calls=2 986 
* 107
-16 2

ob=(4)
fl=(54)
fn=(218)
0 17

fn=(556)
0 8
cob=(2)
cfi=(16)
cfn=(562)
calls=1 0 
0 57
0 1
cfn=(570) 0x0000000000000580
calls=1 0 
0 9
0 3

fn=(570)
0 9

totals: 205028
